# 3D point list with one line of data per point:
#   POINT3D_ID, X, Y, Z, R, G, B, ERROR, TRACK[] as (IMAGE_ID, POINT2D_IDX)
# Number of points: 47, mean track length: 2
29 -1.1160399619877257 2.4488534195273544 19.784543036317775 89 0 2 0.065303117001422342 1 295 2 416
28 -2.0464853011010842 2.1826051031268396 19.237652526324187 96 4 8 0.26128010766875331 1 292 2 347
27 -2.8494732773438183 9.7303731513317153 18.729379119533174 214 159 59 0.28668962477166815 1 262 2 149
26 -2.4398585945879296 9.5598699653679375 19.259415769355961 215 185 117 0.29722813142300025 1 258 2 144
25 0.26912922397215322 9.5554754065535388 19.184118920855884 199 146 51 0.36495335290142761 1 257 2 304
24 -2.3896248111095826 5.4976758558356682 19.250765857554708 47 8 7 0.66471617730678811 1 229 2 368
23 0.72176448404802951 4.1461367845759032 20.332903084055889 60 0 0 0.41217858159166637 1 210 2 258
22 0.59767058191782496 4.0416094505590205 20.455249489337032 158 18 34 0.077358043170811241 1 209 2 255
21 -2.6327732777032269 2.6925835305438057 18.925350223167065 87 19 33 0.7741470549948205 1 199 2 234
20 -3.0682053616649414 1.8373258326119188 19.39446664671344 114 16 25 0.71616880523048287 1 191 2 76
19 -3.264068689820312 0.81563286547168223 16.735019066680646 204 143 158 0.34247649626360421 1 182 2 59
18 -3.4057194087440128 0.7485793100662006 16.638424871679387 148 92 105 0.097268445765977374 1 181 2 58
17 1.1620039550524135 9.0852206988232318 20.124776941176027 186 133 45 0.55795876232328889 1 146 2 154
16 1.1620039550524135 9.0852206988232318 20.124776941176027 186 133 45 0.55795876232328889 1 145 2 155
15 0.40616035629326674 8.9589896578560797 20.389064040171299 188 163 103 0.56813471270555382 1 144 2 147
14 1.0671666628679262 8.9266227162842497 20.416119633256827 183 155 44 0.085814746277113926 1 143 2 152
1 -2.9187640160090371 -0.80641533688270162 16.769656551365497 181 228 254 0.10171823743152703 1 12 2 30
2 -1.9541148010728748 -0.58628837530489841 16.613103063374837 224 164 174 0.06830210848422151 1 16 2 42
35 -1.3565335811377039 3.7527844655854481 19.473311663719841 159 18 31 0.70426647043624602 1 371 2 427
6 -3.1384093716235579 0.47842827235866192 16.643588572106584 218 166 178 0.5454358932968093 1 33 2 212
36 -1.1329709720435166 5.9353763764529841 20.150597796110297 73 0 0 0.41039262065572552 1 381 2 435
7 -2.51945849264962 2.0538931430755465 19.099687717428409 91 7 19 0.30948179495043293 1 48 2 230
37 -2.3957856089488754 -0.66985854051562255 16.795799378955845 181 198 240 0.10338672453070602 1 402 2 459
8 -0.48801881804138825 2.8425168673288064 19.797190808849258 157 19 30 0.18974995387733881 1 58 2 94
38 -1.0932297192793454 4.3245600186350988 19.516484020633577 129 8 13 0.40238200617914133 1 413 2 469
9 0.38209250906070569 3.4940905235766433 20.402649010135995 124 4 9 1.9095629330513515 1 66 2 98
39 -2.6632939633148149 5.3511974410707461 19.103352523455534 215 194 209 0.026610885027131874 1 415 2 470
10 -0.94142902646627968 3.6659448108242145 19.463163707391477 165 27 42 0.35224308084699074 1 70 2 97
40 -2.7516739013896139 -0.5138147118038332 16.671247068626482 26 31 60 0.37307498165879638 1 432 2 481
11 -2.5595786617869019 5.0827095463453658 19.188041496645376 101 10 16 0.61824456416958928 1 92 2 257
41 -3.4645309508161519 2.0833766539037315 19.38695335409361 238 234 245 0.45263353459758321 1 447 2 463
12 -0.26815492834910071 7.0477942041126811 18.800981997832256 90 44 45 0.45245792629269732 1 128 2 130
42 -3.3225708374029637 2.4980693112190471 19.315711884526447 135 17 24 0.8925271315705311 1 448 2 465
13 -0.13984944895781659 7.4961635485763898 19.01585877025267 65 25 25 0.580023677890245 1 131 2 139
43 -11.336309450327523 4.9044551842992439 24.259236693234445 48 44 62 1.0247064705214743 1 450 2 485
44 -4.2342282875347061 4.8656665129205825 19.391321204783917 211 181 200 2.0409442721796327 1 454 2 511
45 -1.6360179459504018 2.6948594893177273 19.434753148856323 197 28 50 0.37373316310389382 1 478 2 508
46 -0.46982307886707497 3.947448459491544 19.962791643285108 27 9 10 0.045926817358896754 1 480 2 525
47 -1.9851056912073721 8.0868230667242891 21.136885846426971 192 132 142 0.052244327954945761 1 494 2 544
34 0.48960200917350605 9.4335323050318092 19.215198523033745 193 171 113 0.46920890073456245 1 339 2 302
5 -2.1194776001693167 -0.10968232348674034 16.548926936502852 227 171 180 0.35059231797480556 1 28 2 51
33 0.48960200917350605 9.4335323050318092 19.215198523033745 193 171 113 0.46920890073456245 1 338 2 301
4 -1.9902591760691752 -0.3598540576212188 16.55621246102903 227 166 179 1.0974046060067555 1 22 2 48
32 -0.67498298939889478 5.6998461865408121 19.373069076397577 156 20 29 1.0345862520489919 1 318 2 371
3 -2.8596135208098774 -0.5533694306941257 16.71526009541439 255 255 254 0.39382113716247763 1 18 2 38
31 -1.0807268272452419 3.5683197913527271 19.476474946958223 170 147 169 0.56156790946878599 1 304 2 358
30 -0.5018145581657647 3.1401939458972681 19.718725183355605 165 19 29 0.28740219454645655 1 298 2 425
