# 3D point list with one line of data per point:
#   POINT3D_ID, X, Y, Z, R, G, B, ERROR, TRACK[] as (IMAGE_ID, POINT2D_IDX)
# Number of points: 30, mean track length: 2
29 9.7765074727704508 6.8901176332519141 31.734515323538002 137 150 75 0.1746754796734899 2 2592 1 2304
2 3.3995563484719207 -2.3671638253981384 34.14162224979502 188 175 165 0.20092301594845904 2 487 1 374
3 3.4781001821567537 -2.009514064366793 34.218767875921692 185 174 156 0.14695038656676915 2 498 1 380
5 7.064174536239558 7.1197498385857569 31.279435462854934 49 40 13 0.034375976336003436 2 879 1 706
6 3.7190692800913734 -1.4794504460035749 34.307365896769035 37 27 18 0.065919799780608787 2 1305 1 401
7 3.7190692800913734 -1.4794504460035749 34.307365896769035 37 27 18 0.065919799780608787 2 1306 1 402
8 3.8592658905399615 -1.3167466230143585 34.347994558337085 201 193 179 0.05650773328017307 2 1309 1 409
9 3.8592658905399615 -1.3167466230143585 34.347994558337085 201 193 179 0.05650773328017307 2 1310 1 410
10 -8.1821814061207476 0.31324400985243184 29.885425578361644 81 69 50 0.1033170524731877 2 1355 1 1272
11 15.594329883651778 5.4396947380190372 34.930041979486674 167 190 111 0.47311542301928122 2 1490 1 591
12 9.0651881961461864 5.5954756382154107 33.836533441105928 72 55 27 0.15548421135528057 2 1499 1 636
13 5.7789053426473824 6.2663092837938512 31.694346816447577 65 63 16 0.11302037187266981 2 1534 1 680
4 3.4781001821567537 -2.009514064366793 34.218767875921692 185 174 156 0.14695038656676915 2 499 1 381
30 8.6486945062067697 5.9805559959649166 32.70000101803187 112 96 62 0.40320081983023637 2 2739 1 2555
1 3.3189607073958234 -2.7263774876567606 34.003395538730125 52 39 37 0.21706791852538204 2 469 1 356
14 4.8680770919867902 6.2193386606676224 31.19412685774742 49 49 17 0.45225790025285889 2 1540 1 691
15 14.798978972764738 7.6387467026804279 31.56119639666754 78 65 25 0.26471278516532293 2 1589 1 683
16 8.3868319739341928 7.5893644282327672 30.675690532473645 253 229 163 0.062638338683265612 2 1592 1 724
17 8.9309417594751537 7.8974503659401298 30.241818220156549 68 50 28 0.03924667360118362 2 1609 1 737
18 14.535023505110809 4.4699709370983589 35.890299812671977 99 76 51 0.33645835317862638 2 1983 1 1295
19 14.276945133962906 4.8221811819252354 35.567678732110579 209 183 132 0.13122826374560642 2 1992 1 1800
20 9.3496321575005403 6.524831626569461 32.702618907194065 211 191 154 0.26957424924991058 2 2018 1 1350
21 7.8404582471800897 6.5029767222549095 32.391264534646552 63 50 14 0.4431792224896508 2 2020 1 1354
22 9.2816713842946967 7.1941787620066515 31.258200361269953 79 59 32 0.78053505865992934 2 2036 1 1377
23 1.1357462282683066 7.1399005274929062 29.330302125712215 59 38 10 0.091212061909119624 2 2049 1 1420
24 13.859306175065578 4.9761417151177527 35.444364696753183 91 70 42 0.099358568639410783 2 2276 1 1804
25 14.156575567743094 7.688394690776712 31.413836704436708 183 183 97 0.10897411323778697 2 2330 1 1858
26 14.228375887870268 7.9093254598970537 31.170849851519662 55 43 19 0.43494322205780717 2 2333 1 1861
27 17.437870516137878 5.4562759653114394 35.79902105986627 250 233 166 0.11690765731680536 2 2481 1 2132
28 17.437870516137878 5.4562759653114394 35.79902105986627 250 233 166 0.11690765731680536 2 2482 1 2133
