# 3D point list with one line of data per point:
#   POINT3D_ID, X, Y, Z, R, G, B, ERROR, TRACK[] as (IMAGE_ID, POINT2D_IDX)
# Number of points: 124, mean track length: 2.2419354838709675
59 -1.5344346513767309 7.6580737318193819 42.24396169514479 93 81 72 0.16973095939123517 4 731 3 779
58 -1.5344346513767309 7.6580737318193819 42.24396169514479 93 81 72 0.16973095939123517 4 730 3 778
57 -0.68730853899173949 7.5176657345390883 43.270047616528835 185 173 161 0.8478323490421168 4 729 3 777 1 769
56 -0.68730853899173949 7.5176657345390883 43.270047616528835 185 173 161 0.8478323490421168 4 728 3 776 1 768
55 -1.5989374235587843 7.2416884978556251 42.955504717713879 253 235 217 0.50396912338866884 4 726 3 774 1 765
54 6.9446345340153126 7.0460626802507811 42.187807211490728 208 174 154 0.19043687100008938 4 725 3 773
53 -0.21273458455673522 7.011035100458801 44.065801407852319 43 44 46 0.3119128821039544 4 723 3 769 1 763
52 -0.98962067233390139 6.4598967053141294 45.297299842281944 72 63 54 0.078589711854904501 4 722 3 765
51 10.522801473482001 6.2669306119421107 47.021428132156764 76 72 68 0.2310223288482357 4 720 3 764
50 -1.3367148480642661 6.1699625389037127 46.513669100093985 200 214 157 0.6865980290976238 4 719 3 891 1 866
49 5.5766180185008531 6.0715806809688386 47.44108782408189 32 21 28 0.45560420600808132 4 718 3 763 1 759
48 0.78912076088527083 1.0604706158545731 45.371611638580127 187 173 167 0.0085986493156796542 4 703 3 748
47 2.036322080695379 -1.7042157736153498 39.133907851322512 206 195 165 0.47919377186487577 4 686 3 734
46 2.036322080695379 -1.7042157736153498 39.133907851322512 206 195 165 0.47919377186487577 4 685 3 733
45 8.5022130904796498 -2.260252943851508 41.904626212619206 226 218 189 0.12541099373729725 4 681 3 875
44 5.1689427360446709 -4.78543927118253 41.796318226329277 105 100 71 0.023556929474085692 4 670 3 519
43 6.0234187148669154 -4.9983771350758737 41.309477047311688 146 148 136 0.56193270197958634 4 669 3 709
42 5.7063508924402475 -6.3807721772651327 37.111579393217831 4 4 3 0.10548984600915093 4 658 3 700
41 2.7122030275316558 10.47063302219116 29.514867540747908 81 80 65 0.094750825467249555 4 579 3 387
40 0.13889972662916206 10.188365196448993 29.801672176037005 187 179 168 0.59597017917960282 4 573 3 635
39 7.2643851983665204 9.620154355841132 31.825768688543846 180 176 177 0.096795685563401845 4 566 3 360
38 7.2643851983665204 9.620154355841132 31.825768688543846 180 176 177 0.096795685563401845 4 565 3 359
37 5.1396842287984636 9.6169799233675839 32.235180484436853 64 68 62 0.046769010802151866 4 563 3 626
36 3.4024552185183512 7.8311695352203863 38.444889935600941 127 175 129 0.22342229487882787 4 549 3 326
35 2.5371628473123113 7.873528118848478 38.823746841924375 117 149 108 0.021385706284508345 4 547 3 609
34 2.5371628473123113 7.873528118848478 38.823746841924375 117 149 108 0.021385706284508345 4 546 3 608
33 7.8689181728992565 7.4529558604215351 40.568650445824581 160 187 144 0.11830907043812319 4 540 3 780
32 8.8510780193592407 7.118585005053375 43.490020883338467 46 49 44 0.29173039749806501 4 532 3 312
31 -2.3189797926567821 7.1727430440276354 44.137461215650163 62 49 49 0.14308128687117541 4 531 3 599 1 590
30 -2.3189797926567821 7.1727430440276354 44.137461215650163 62 49 49 0.14308128687117541 4 530 3 598 1 589
13 6.3085838250870063 6.5173029138973968 45.459109259455346 217 196 166 0.030576377059128673 4 262 3 303
12 6.3085838250870063 6.5173029138973968 45.459109259455346 217 196 166 0.030576377059128673 4 261 3 302
11 -3.8984892929606025 5.5274112707024097 49.615410504153083 219 193 183 0.19487635301297418 4 242 3 287
10 -0.87712680125312703 0.85711888073889897 43.006096891610191 55 48 55 0.0050917948725667534 4 201 3 252
9 -0.89009059822096548 0.86448729798212431 43.141434825737605 55 48 55 0.1674306154456163 4 200 3 251 1 558
8 3.8257923191966832 -0.20214772671294629 43.623016408153156 149 157 170 0.36599666208114323 4 190 3 245 1 250
7 3.8257923191966832 -0.20214772671294629 43.623016408153156 149 157 170 0.36599666208114323 4 189 3 244 1 249
6 8.7804670503248463 -2.0990538065091329 41.25972942146722 61 87 52 0.35853912811760619 4 167 3 214
5 -3.5839700160133199 -2.1014939283801843 40.979852927229594 42 41 46 0.42394024788927698 4 166 3 209
4 -3.0019723519346075 -2.1939269684145462 40.654966194573689 9 8 13 0.28758976542292253 4 164 3 545 1 536
3 -1.1158691374771861 -2.4115646513106279 41.786564683767764 36 33 34 0.35720005202397348 4 162 3 204 1 222
2 7.4522800844961203 -3.1416596129580201 43.448614290508054 26 23 24 0.033399113535232394 4 156 3 538
1 0.65707840458276245 -3.5850831680653261 40.976844831395894 5 4 4 0.22860649242359082 4 150 3 530
14 0.71433884152148885 6.721243699721648 43.813856083075912 45 42 37 0.48200687958448341 4 266 3 594
15 6.6371352231289169 6.8833966073330446 44.096303091149679 95 84 93 0.20748050378443622 4 268 3 308
16 2.3300057629688293 7.2355166334594783 43.547240847222852 24 20 13 0.2552509876223063 4 272 3 313 1 591
17 1.2983499318674663 7.3608714499486219 43.033886797524417 43 39 44 0.28875795528977483 4 273 3 314
18 -1.8891528443435033 7.8222996302822327 42.098823192005661 79 70 67 0.18946240120055077 4 279 3 319 1 319
19 -0.32716218289429078 7.9324048862691043 41.338390808966302 113 84 84 0.16552765110552692 4 283 3 321
20 1.470463219347673 8.8818304214392523 34.995222537178854 124 121 112 0.34487344821907984 4 302 3 339 1 339
21 2.0847712663931404 8.87192457859455 34.634377063356432 170 191 132 0.068440963175027986 4 303 3 342
22 0.34956647576949296 9.8352204337607265 31.733553451650423 109 107 105 0.4371432705899253 4 330 3 363
23 6.3146206006513435 9.959273239630738 30.618202182119358 52 61 55 0.11833304876176234 4 334 3 376
24 5.3813011500528747 9.9757351798823688 30.466531962466284 149 163 128 0.035263292737887593 4 335 3 629
25 3.2125675326599712 10.109216179730947 29.886977295834829 50 52 44 0.010794317206483333 4 340 3 380
26 9.7154647904187481 -3.2030865112088733 41.454369131607272 41 49 25 0.25089729078784562 4 476 3 535
27 -2.754382289057808 -1.2546634600231048 41.265384071739582 21 26 33 0.29033739779398549 4 490 3 557
28 -3.1706701779184567 5.47918065953841 50.443073238947953 97 91 70 0.41822347742432431 4 518 3 759
29 0.18739173222067729 5.1810409399052251 46.151085458937125 179 170 151 0.41432777895241063 4 521 3 760
60 1.2707882165075275 8.0070243239909491 41.462698601098985 175 194 148 0.45991604053537416 4 734 3 604
61 8.578037257168182 7.795461348654376 39.423067174432056 164 161 156 0.24947130607527138 4 737 3 783
62 1.5640176585409054 8.5341277381513301 39.227108461229214 154 164 133 0.7343994790817101 4 739 3 897
63 4.7249923428042067 8.4249177045060382 36.493982371716861 103 105 101 0.21029875906216861 4 746 3 617
64 7.7863590278709243 8.3869469594015609 35.33931199442663 136 166 114 0.36661515163079494 4 747 3 795
65 7.441781933699227 9.4473547432915748 32.428462596743607 39 46 41 0.21968668541504688 4 754 3 815
96 8.0303218136203309 -2.2179588934358452 42.345024661901633 183 178 152 0.59837383162946223 4 960 3 1067
97 8.900403495929547 -1.5447851251531413 42.098155094155096 52 83 56 0.78866490064071404 4 961 3 1025
98 -1.5426814450477888 -0.98539142377360633 42.810363652630798 8 8 16 0.63434447989185072 4 965 3 976 1 936
99 -2.3898134215862163 -0.60341974242020169 43.122585615788637 163 184 139 1.1568021299372746 4 966 3 1074
100 8.955022047297204 -0.47645078618654801 44.020481730236966 16 11 17 0.99101733333588704 4 968 3 979
101 0.20491813608152754 0.12727098714995705 44.164307701410046 7 3 8 0.4998199050582377 4 969 3 1029 1 1004
102 5.6595591712969693 7.1781566585634788 43.004191307061106 165 200 149 0.27433512892946388 4 973 3 1036
103 5.6595591712969693 7.1781566585634788 43.004191307061106 165 200 149 0.27433512892946388 4 974 3 1037
104 5.0231795734901219 -2.1246919930007184 45.318774043887878 191 184 146 0.49765613902273531 4 993 3 1069
105 -2.31369000953856 1.1278455709788495 43.638004321896624 4 2 15 0.52898898483716994 4 995 3 1078 1 1051
106 3.0263017617085923 5.2588111788096148 45.561156472565905 219 203 189 0.13658748836467977 4 997 3 1079
107 -0.80176232391415869 6.0427040027747623 46.892972529935477 173 160 144 0.081634765326132189 4 998 3 1091
108 3.6570570251863486 6.2676941443805667 45.355762748203055 87 86 81 0.16038550516690345 4 1000 3 1080 1 1010
109 -2.1750417316960857 8.0570326093966589 40.135402501867951 191 194 173 0.83158663672659328 4 1002 3 1038 1 958
110 -2.197418446310174 8.125876701202122 40.326707708425467 191 194 173 0.26007921512139787 4 1003 3 1039
111 0.66294723725494697 7.1040261892886551 46.20147119357064 59 60 56 0.40809634947227974 4 1014 3 1092 1 1073
124 -2.6081890698208983 9.2713901795178941 32.773628917085333 183 175 157 0.20027914877884451 3 1101 1 1082
123 -2.5913096445404515 -2.1250263306207233 40.081837688427143 31 37 37 0.67243076960603432 3 1090 1 1067
122 -5.425449817079695 0.51753157910373582 41.577883916761671 34 33 47 0.014473530363279932 3 1076 1 1003
121 1.4677007031677902 7.9611264349018835 41.994798263842824 169 181 133 0.12842734980121573 4 975 1 956
120 -5.9056494792137428 -1.6707263363364087 42.817693069363941 32 31 40 0.31515508588171881 3 974 1 933
119 -2.1379348356064827 -2.7370536275050261 41.588093953390747 27 23 22 0.5316586189373419 3 872 1 847
118 -3.6233120118812754 -2.7022812903912712 40.905782439921879 46 45 50 0.17037235311266269 3 871 1 846
117 -1.6013812808446652 7.2261935030634517 42.908459221976997 252 212 197 0.61652440068941206 3 775 1 766
116 3.1237435506983506 4.6365507924008602 45.83431159086031 239 226 218 1.5298574453416274 4 513 1 576
115 5.7300612352358105 3.9291307085359137 47.031441091292209 204 201 146 1.1764373166333766 4 1024 3 1098
114 5.4720247775499029 -3.5624944999899859 43.249989004596422 47 66 31 0.077145008305792934 4 1021 3 1097
113 6.6209040039687892 -5.7955701143008742 36.600477630617952 47 46 51 1.1736836607945187 4 1020 3 1088
112 0.66294723725494697 7.1040261892886551 46.20147119357064 59 60 56 0.40809634947227974 4 1015 3 1093 1 1074
95 2.4229825239378391 -2.3227871077073496 39.466390991283063 44 62 47 0.13404781435579424 4 959 3 1024
94 -1.3303197419753192 9.7289031872205811 32.458054422133394 87 89 90 0.16339953769055529 4 933 3 994
93 -2.0096953117594789 9.0869136185452746 35.749898314852295 161 153 153 0.042307600505429394 4 932 3 900
92 7.7960384891158423 8.1781487028340241 38.622448966720995 112 108 105 0.19851776511592012 4 930 3 989
91 6.6655978236511011 6.8376145562564075 45.266698730304988 94 109 86 0.069564210086121014 4 928 3 984
90 -3.9438856158478983 5.0676194037936275 50.564359854029099 160 148 132 0.22914779188306367 4 926 3 1032
89 1.1975831929135798 -0.081073301400775996 42.251366486408948 165 163 150 0.3853551728651971 4 920 3 980 1 1000
88 -0.43455453967553836 -2.4034159710855496 41.405503277369803 198 192 171 0.56412593935046007 4 917 3 972
87 -2.3826413232525483 -3.4823060410523325 41.361969763220664 9 4 7 0.056401476557722041 4 914 3 968
86 -1.1337105213769294 9.7833272494858505 31.100434580189674 153 147 137 0.34285992548109179 4 873 3 911
85 4.2212091602460236 9.7156257388335394 31.914458938511299 29 39 29 0.049040029851023889 4 871 3 909
84 0.69277358787498611 9.8572674883742728 32.910716169209451 80 79 85 0.045560771432117363 4 870 3 996
83 2.4162128753661047 9.2374486325115246 33.635841902064875 175 166 157 0.038931578369692951 4 869 3 904
82 2.4162128753661047 9.2374486325115246 33.635841902064875 175 166 157 0.038931578369692951 4 868 3 903
81 -2.323582227646185 8.6818385237160864 36.401440334192401 70 72 59 0.15082063484380931 4 867 3 797
80 -2.3321687269552958 8.6979923663924481 36.458084238603263 70 72 59 0.15131159894879864 4 866 3 796 1 869
79 3.4537541471329956 8.3607093446346568 36.331746835603717 81 83 76 0.20011745850749602 4 865 3 793
78 4.0476166071379325 7.7414804777694757 37.222110427088914 67 59 51 0.59027645042000465 4 862 3 785
77 4.1522405911751017 6.822581844888572 43.542161883188314 194 179 150 0.56979122709454966 4 858 3 893 1 867
76 2.5659252927062508 6.750120381231385 43.329965795672884 141 170 85 0.65146702162739245 4 857 3 892 1 764
75 8.9322356975069717 5.7882694630416331 47.777700921622944 192 216 153 0.023000086151762734 4 854 3 889
74 8.9322356975069717 5.7882694630416331 47.777700921622944 192 216 153 0.023000086151762734 4 853 3 888
73 3.1316484195823957 5.4891488751734654 46.424747436681045 227 215 217 0.93125115598901242 4 852 3 887 1 953
72 10.827222890842854 5.5270836211773746 49.20279565282582 172 169 137 0.038969125828654527 4 851 3 886
71 -1.3740113328760932 1.3115537426197632 43.18505140791234 161 146 151 1.6026857743769112 4 844 3 982 1 860
70 -0.50402950776020727 0.49412099572743956 43.526205140147802 159 151 148 0.81228786837072942 4 841 3 747 1 555
69 -3.3657777544580711 -1.3204658734610628 41.894711392003188 189 191 149 0.062254794086974687 4 832 3 876
68 6.7265229070496204 -3.9761421372395742 42.202172207869147 190 191 152 0.1729374351088056 4 820 3 965
67 5.4771739644503548 -5.3651379612541996 41.456798591822938 1 2 1 0.15297859214781695 4 812 3 863
66 0.15322249591649628 -9.7122603569878461 27.211057111776292 175 219 60 0.55160317745895315 4 774 3 923
