# 3D point list with one line of data per point:
#   POINT3D_ID, X, Y, Z, R, G, B, ERROR, TRACK[] as (IMAGE_ID, POINT2D_IDX)
# Number of points: 62, mean track length: 2
59 -5.0860138380817475 5.6102136776653504 20.965156810319478 140 127 118 0.036530406240945626 1 604 2 704
58 -5.6622385012028964 5.6598504380236188 20.832591737244417 182 172 162 0.086098964339392209 1 574 2 702
57 -7.2213269102197142 5.4889374134681059 20.734682322418298 155 145 132 0.54421221895408045 1 573 2 662
10 -5.5425960558926421 0.77816682250161062 18.538905346980158 132 94 54 0.36589638849032724 1 183 2 204
9 -4.4180022159179959 -1.1712487305402273 20.121518818888593 171 137 128 0.13435814367429338 1 167 2 376
8 -4.4569988635622462 -1.4113589533200683 20.121520055846609 211 174 165 0.10764393549074341 1 160 2 173
7 -4.3946421837697125 -1.5942615105004574 20.171184893085851 125 15 22 0.12490720653767072 1 159 2 172
6 -4.3946421837697125 -1.5942615105004574 20.171184893085851 125 15 22 0.12490720653767072 1 158 2 171
5 -8.8149363876209481 -5.5070833719376298 36.696274576449589 1 2 21 0.17584820009959784 1 136 2 368
1 -3.7170399232147533 -6.2183282594425364 16.450325466451222 184 137 95 0.10101938161659943 1 38 2 41
60 -4.9205767836042593 -1.236603364528913 19.941943347093488 109 5 12 0.25361467426688689 1 619 2 723
14 -6.7696766245515887 1.8706601010554107 18.123972783770718 96 51 18 0.16794441587717962 1 191 2 216
15 -2.8528455735959617 3.0096887036169448 22.223082608414863 86 51 30 0.2469100626203749 1 195 2 397
16 -3.9896514349260994 3.5262331074123101 22.645906500127321 169 149 140 0.23782787125604912 1 201 2 402
17 -6.0083618540769379 3.7511256549711756 20.864928700846498 63 33 15 0.022972542793784051 1 207 2 222
18 -6.0939793802299684 3.8878126321135271 20.806657933861135 93 60 41 0.068210419764595909 1 208 2 399
19 -2.6676192302575048 4.3972794274608988 22.722522332925145 165 145 134 0.029425503644098433 1 209 2 408
4 -4.5541127102974412 -4.205109088443268 16.307689564869868 32 8 3 0.051703891342008111 1 89 2 88
62 -5.0398198551545814 -5.2191712115191855 16.071226394810644 58 28 26 0.25229153716779956 1 638 2 746
3 -5.4105419660085987 -4.8918688040962595 15.898009763048609 114 77 60 0.41031949590876671 1 73 2 64
23 -4.715712181274033 -5.3163272405701729 15.960693484428504 89 42 24 0.1355464848862733 1 256 2 294
61 -6.2716321881084447 5.3379198632667988 21.044241874879202 88 74 61 0.037170749480773951 1 632 2 737
2 -5.4105419660085987 -4.8918688040962595 15.898009763048609 114 77 60 0.41031949590876671 1 72 2 63
22 -4.9943888406328698 -5.5554068982226674 15.894272072930725 190 145 103 0.23253940961124359 1 249 2 47
21 -4.7113851649598519 4.643551745321659 21.285964850277612 119 88 66 0.076694986869455167 1 213 2 407
29 -4.1218849456437061 -4.5565671247304067 16.261400293852716 122 90 68 0.12321829103091671 1 278 2 453
28 -5.0416829387669626 -4.7772532462411004 15.948184180038009 127 95 72 0.099619033542176855 1 272 2 446
27 -5.0416829387669626 -4.7772532462411004 15.948184180038009 127 95 72 0.099619033542176855 1 271 2 445
26 -4.4858089131326118 -4.9841775409257085 16.056279697814499 131 91 66 0.035282809767276005 1 267 2 441
25 -5.7448007573606334 -4.9364568508716262 15.961121592509368 123 78 63 0.34972964147638219 1 265 2 58
24 -3.6001372085880234 -5.3276455261278777 16.442568394118698 144 102 80 0.36269924926896546 1 258 2 437
20 -1.4149126512877634 4.4046599655184187 22.643421714074876 164 150 140 0.11886089441466455 1 210 2 516
11 -6.092608305817822 0.95667117510223598 18.311292085628214 165 116 76 0.54979801148912022 1 187 2 207
12 -6.5924530649772333 1.697848803357314 18.089455894853351 117 72 41 0.28489973312983047 1 188 2 215
13 -0.49184168383489713 1.9557093704276873 20.966023975282731 131 133 139 0.70156450131704262 1 190 2 396
30 -3.524126395053103 -4.6110853234869307 16.597224449316368 31 10 10 0.059599976749733503 1 279 2 454
31 -4.396188919016903 -4.2879517632214297 16.314763648507459 106 82 60 0.075105272699459547 1 284 2 316
32 -4.0787079004253801 -4.270998133029468 16.404210345219933 120 89 68 0.22721668861812661 1 287 2 319
33 -9.6826972646351646 -6.0647341523182199 36.878880228768459 4 10 34 0.15194838856764131 1 311 2 363
34 -3.7948798753999404 -0.9952002943387378 20.461501736083939 147 63 66 0.19245260495127048 1 326 2 486
35 -3.259846988389369 4.9678809479622821 22.068727327897761 160 150 140 0.2788884750166134 1 355 2 410
36 -4.4690253428519346 5.189593168696752 21.577714819139651 170 156 147 0.20740174177180909 1 357 2 409
37 -3.0276133105652967 -5.6352409722643317 16.740059889782113 140 108 89 0.043964298311507 1 370 2 538
38 -4.995757925699138 -4.4045462184653443 16.085285766344853 26 8 5 2.3943686968766507 1 380 2 452
39 -4.1811238318116866 -4.3773976628625206 16.337949470231184 17 8 0 0.10661395909827671 1 381 2 455
40 -3.9435327883963427 -0.7498528655599036 20.38809060599764 122 8 16 0.42687314190229197 1 418 2 581
41 -5.0604092504951863 -0.22871385454973722 19.868917914749964 203 183 172 0.084146352649949185 1 421 2 490
42 -5.0604092504951863 -0.22871385454973722 19.868917914749964 203 183 172 0.084146352649949185 1 422 2 491
43 -4.8502172374209964 0.00093688547340287087 19.858054676245619 172 167 153 0.11493831168464824 1 425 2 582
44 -4.8502172374209964 0.00093688547340287087 19.858054676245619 172 167 153 0.11493831168464824 1 426 2 583
45 -6.5687888509276435 1.1335992170106681 18.331250144461308 74 32 10 0.32507431760985439 1 433 2 498
46 -4.879440396894231 3.9399147682350169 21.478382305673108 135 92 69 0.53870854149338809 1 443 2 603
47 -2.5639435910329973 4.8549390126024283 21.972903149781231 160 147 138 0.18201583485251932 1 447 2 517
48 -3.6126258018577095 -1.6588304735410184 20.485320076191474 178 26 34 0.81730365782252257 1 492 2 481
49 -4.049643314361786 -1.5577962709676907 20.412051740020658 154 17 27 0.087863080396604093 1 493 2 579
50 -2.4166739149667102 4.2253854341762382 22.873903159983485 69 49 37 0.17591861330620545 1 514 2 660
51 -2.9295928462244891 4.3357289559247754 22.735195053708555 80 58 46 1.2339695984497085 1 516 2 659
52 -1.1867942199595176 4.5652752319169538 22.680035640555673 128 114 103 0.12210245717813152 1 517 2 664
53 -6.8833263462530203 5.238629057343493 21.112565038101796 154 143 125 0.31307691708510066 1 519 2 606
54 -7.2121044417441436 1.8511681227205536 18.144757440005026 178 131 88 0.40142516801138528 1 558 2 591
55 -1.977447291935952 4.956283742458246 22.151668366823873 168 155 147 0.16309661429199512 1 571 2 705
56 -4.4918187801971232 4.9601328140730994 21.811965315856749 78 58 47 0.12573451102177208 1 572 2 699
