# 3D point list with one line of data per point:
#   POINT3D_ID, X, Y, Z, R, G, B, ERROR, TRACK[] as (IMAGE_ID, POINT2D_IDX)
# Number of points: 91, mean track length: 2
59 2.9528830992806281 -1.0453102124755831 9.5774417132407468 197 181 150 0.68106120068150688 2 1370 7 1567
58 1.8817444012331315 -1.0573841348870245 9.6544673199208191 117 106 84 0.59187221482576735 2 1369 7 1301
57 1.5706714672211528 -1.0242014586054311 9.7083179739388861 170 161 139 0.63004735986292304 2 1368 7 1736
56 0.86412076592306875 -1.2287032717654243 9.7703859446668435 81 65 45 0.79441119073466271 2 1362 7 1730
55 0.10606231076307271 -1.6630049795334649 9.9186350700550285 144 137 115 0.30018846861528575 2 1357 7 1722
54 0.31232637251612028 -1.7846659767549613 9.9218735614862705 189 181 161 0.24139805045649568 2 1353 7 1719
53 1.3139675867655454 -2.5233003247735235 10.003156278294981 102 84 69 1.4897317788229272 2 1342 7 1531
52 1.1375664129971499 -2.8409345559440315 9.9715698450370098 219 212 193 0.98061906325840997 2 1338 7 1695
50 3.5414986847517218 -0.67533666228032674 9.4554025380069433 90 69 33 0.97403636524086079 2 1284 7 1309
49 3.4280292705041759 -0.73064455850202359 9.466358622549313 198 183 151 0.92707834928929378 2 1280 7 1304
48 2.1355425688847758 -0.8928938619064497 9.6501762810153338 202 192 171 0.96169351769203171 2 1278 7 1574
47 3.308967447814255 -1.2444323067724139 9.6020242227463797 224 209 174 1.5796626576171402 2 1263 7 1284
46 2.0053719010729649 -1.2536075733633094 9.679673235907174 212 205 181 0.56203851811804728 2 1262 7 1560
45 3.0896391125486469 -1.4459244358344705 9.6368078815780311 107 89 73 0.74259156174702778 2 1258 7 1273
44 0.58397296410477528 -1.4400615807625861 9.839119701230219 145 136 112 0.45855200817214037 2 1257 7 1559
43 7.8912147678478659 -3.3928122679705961 9.3326513384284446 175 170 150 3.1119014813732013 2 1186 7 185
42 1.2538517719258251 -0.3083083277010954 9.5766379667714769 218 209 191 0.76848020459630073 2 1131 7 1341
41 0.62418428711268126 -0.29253877407015993 9.6322766959673238 67 57 37 0.68002418338244719 2 1130 7 1347
40 2.2219954733973255 -0.41399120647461674 9.5342119093925923 84 74 55 0.7814989608644336 2 1127 7 1331
39 1.4805715214654263 -0.81085816469912997 9.6595227956012106 105 96 78 0.44196119386798871 2 1103 7 946
38 1.5318943351212559 -0.9095458713855078 9.6617325318022722 225 216 194 0.28749644714338229 2 1100 7 941
37 2.6027529452560856 -1.1413628884205997 9.6154973405966544 114 98 72 0.51342676257099207 2 1085 7 915
36 2.4203095293909147 -1.402236854262203 9.6776292421763408 83 71 51 0.38591842469805637 2 1072 7 904
35 6.3391214346183355 -1.4638631553300716 9.2220329932211147 159 143 117 0.65370348344680174 2 1071 7 334
34 5.913818130327086 -1.6728069208911991 9.3158576869188963 148 130 101 0.16062416049035771 2 1064 7 319
33 1.3717364984904576 -1.7058261663186183 9.8044758567891641 49 38 25 0.70177705703614635 2 1060 7 883
32 2.9757824755116045 -2.2812756188588095 9.7535421142544436 126 117 90 0.82425474706788571 2 1020 7 841
31 2.0399089747501113 -2.6749174708223591 9.9528875953768949 97 83 66 1.8638700559024728 2 999 7 824
30 2.042686104030484 -2.843456763329522 9.9683445490533789 49 39 32 1.3856566518042399 2 994 7 237
13 2.4985418171413007 -2.5552984033036643 9.8731035798862479 209 203 186 1.6482737715068172 2 675 7 261
12 1.3387748703896762 -2.8746468417643869 9.9418252964960647 204 197 184 0.8842350484320356 2 644 7 222
11 2.9476680271716362 -2.9087345093760675 9.9077216809589395 169 159 130 2.5802068674439553 2 643 7 225
66 8.2628751765832078 -4.6214116873573303 9.3696532432668018 139 130 117 1.7011411452174836 2 1428 7 1179
7 2.1083173074722703 -4.5701757077762553 10.108367700752568 178 189 212 1.2593463553629745 2 521 7 82
68 2.5407451326533796 -2.0204247391654064 9.7783944677319869 157 150 126 0.28213392135886006 2 1467 7 1542
9 1.9484120444424633 -4.5241469933039475 10.126177482542754 189 200 221 1.529408228413569 2 526 7 86
69 2.8482152224026431 -1.8036879774972689 9.7146758271484828 173 166 139 0.62441732576252729 2 1468 7 1821
10 0.99640399834171633 -2.8721703149541526 10.000241428662429 110 103 86 1.7948358804816364 2 642 7 231
70 2.2747243849657797 -1.4276242341122471 9.6806184840618599 223 213 194 0.24840180325007524 2 1478 7 1555
71 0.34159485861243244 -1.350072557037139 9.8256969571677146 169 161 135 0.26608204048518386 2 1480 7 1826
72 3.3345647639408273 -1.4248866602219004 9.6097046346894786 108 90 70 0.88424166859898845 2 1482 7 1723
73 0.70583575392651587 -0.98156931191725105 9.7021905034174551 160 150 126 0.20641048064366721 2 1492 7 1836
14 2.3505140026639695 -2.5191507690573678 9.8753058074205882 201 194 178 1.6861329183590954 2 685 7 263
74 -0.051191253987286522 -0.78637026948846334 9.7429841502188665 190 177 152 0.67937353394890931 2 1495 7 1840
15 1.6877409931950043 -2.2226319494835174 9.8926525516711337 184 178 155 1.0820417147965278 2 705 7 289
75 0.031945989586539714 -0.59519645552724798 9.7129344257794994 188 179 159 0.45251161550123753 2 1498 7 1843
16 2.5118745700192764 -1.8772200355495627 9.7586886773126942 95 82 60 1.1265651176107234 2 731 7 318
76 3.8443149459123447 -0.45710733861599717 9.3636727264739772 64 50 45 1.0501154234501069 2 1502 7 1580
17 6.4528763035588259 -1.4469695620601783 9.1987619245075063 197 182 152 1.1999906614367646 2 770 7 336
77 7.1607946104006706 -3.1071266239582895 9.4018601836019489 135 116 84 1.5224896134999353 2 1537 7 1224
18 2.590772559221211 -1.245588670287578 9.6400531437405306 185 176 158 0.56286544757841017 2 781 7 377
78 0.25998594568966249 -2.462136360382055 10.041904602832295 63 54 35 0.47070287772904518 2 1541 7 1814
19 3.1031102145794289 -1.0767134401760901 9.5679303461261718 178 166 136 0.55860276725111768 2 802 7 383
79 0.68228040179175453 -1.8385209198347743 9.8798926229944151 184 176 155 0.21283605821359902 2 1546 7 1886
20 4.3533263933682687 -0.78720622459804268 9.3658211952296355 171 150 108 0.6149061322327638 2 823 7 396
80 2.095848061692883 -1.0809434778171076 9.640635991211699 100 91 68 0.17086147679663258 2 1558 7 1830
21 0.30208608679699989 -0.34061428709070674 9.6631800041763221 174 165 139 0.29967544915457262 2 856 7 984
81 3.9851629368363524 -0.86025058083265948 9.4570387787446819 114 96 70 1.2885830759041303 2 1560 7 1833
22 2.3037283261300656 -0.36638343980874755 9.5213706975229293 200 191 175 0.12769581182077688 2 862 7 460
65 7.7913039530106207 -4.9447861761166463 9.4690762475528079 211 218 231 0.76433095557643971 2 1423 7 1161
6 0.63505525341062663 -0.21463569802165594 9.6191096296751901 188 180 159 0.67817325395056072 2 465 7 501
94 1.1304144191668164 -2.4397002900272735 9.9625549507196833 137 116 92 0.33248489021780092 2 1648 7 1948
93 2.1188996627888219 -2.7768758430763176 10.027120433826898 93 74 50 3.1576564575402228 2 1647 7 1947
92 3.3340968279537631 -1.078928047289943 9.6074513448657921 133 113 75 0.30112944397454644 2 1640 7 1951
91 1.5176856557281355 -1.1110370929587257 9.6727915727973652 123 112 87 0.73152183718116115 2 1639 7 1934
90 3.0223618966428201 -1.4969060217962367 9.5698753029745074 90 73 50 1.3593323493418741 2 1637 7 1950
89 1.8447317553477118 -1.6187559238390798 9.7871513069829152 40 30 24 0.8015980957159814 2 1627 7 1912
88 1.8447317553477118 -1.6187559238390798 9.7871513069829152 40 30 24 0.8015980957159814 2 1626 7 1911
29 1.1847956452765058 -2.8341983265352226 9.9506562674430672 211 204 186 1.4815021765802738 2 991 7 807
87 2.3844979731810714 -3.2063916184531007 9.9560566280466478 174 166 147 0.92047991897182957 2 1619 7 1906
28 0.65012777792394694 -3.0028288481283227 10.003020307668786 186 179 170 2.8949410639130315 2 982 7 799
86 2.985975492077567 -3.7935669407467247 9.733305342317232 153 144 134 3.3671469653350985 2 1615 7 1878
27 2.554588599581217 -0.1799636980109085 9.4628657118718493 221 216 203 0.28763889278442883 2 877 7 477
85 4.4602268996422287 -0.95567311450808079 9.3556832652745729 99 84 58 0.82575814913365453 2 1604 7 1827
26 0.10653640300755862 -0.14997123959007874 9.6434904501707255 86 76 50 1.5782375995273981 2 875 7 1006
84 1.6924818623464644 -2.4541517443377785 9.9219815709478638 110 97 79 0.83481840822816222 2 1596 7 1882
25 -0.39107997903897918 -0.11607683886109044 9.6260421819287014 81 73 52 0.67923542059691444 2 873 7 1023
83 2.1960248628372985 -4.4263389607209911 10.151047387044398 43 45 66 1.0859157668806776 2 1581 7 1874
24 2.2746229170032084 -0.24190003598686216 9.5052629797513042 208 203 187 0.23724494974483545 2 871 7 472
82 2.4991192537826064 -0.6968723527339149 9.5636458402827511 156 142 119 0.12550465894031887 2 1563 7 1838
23 2.4904863265158976 -0.31666079470514896 9.4943357654884633 191 185 172 0.2978285047716111 2 867 7 969
64 1.1226484429603749 -0.2090786443965218 9.5849742235084943 95 85 67 0.17843788410359157 2 1402 7 1594
5 0.44073438849935176 -0.19945422266401902 9.627226404191024 215 206 180 0.83310288418382128 2 464 7 509
63 -0.14208119173481926 -0.41729199917436066 9.6898056805293127 149 138 112 0.66691868989687941 2 1391 7 1752
4 3.0011997753466755 -0.36574697634120801 9.4474168431550698 189 180 163 0.57316286575913744 2 457 7 454
62 -0.14208119173481926 -0.41729199917436066 9.6898056805293127 149 138 112 0.66691868989687941 2 1390 7 1751
3 0.7885758799403364 -0.50770913765768277 9.6647797728202836 82 72 49 0.23777366726397656 2 432 7 462
61 4.2648112132053848 -0.69680232745751347 9.3714787251333149 215 197 160 0.29105907578017298 2 1381 7 1573
2 0.7378564873672242 -0.93091485746841762 9.7169547224121882 208 200 175 0.22175740324577636 2 384 7 415
60 4.2087570834623875 -0.95087173145024284 9.3633640760322336 199 190 163 1.3209070258208579 2 1373 7 1565
1 1.0283313763642097 -1.5015371619326849 9.8053789001012017 160 144 130 0.23232082967676149 2 303 7 364
