# 3D point list with one line of data per point:
#   POINT3D_ID, X, Y, Z, R, G, B, ERROR, TRACK[] as (IMAGE_ID, POINT2D_IDX)
# Number of points: 185, mean track length: 3.1459459459459458
127 3.1882905809803912 5.9188627185680689 25.638289526678413 193 121 134 0.24352372947085935 1 283 3 344 2 116
126 1.023823578343324 4.8790416688461562 23.02182806562336 255 56 104 1.0053631185595773 1 279 3 337 2 363 4 431
125 -1.6641104787826781 2.7101936122159329 21.865283130688379 211 32 57 0.32333836306485381 1 95 3 323 2 84
124 0.47038816768182523 2.387968780733595 22.395366249733819 121 29 49 1.9829948581186609 1 369 3 321 2 459
123 -0.60914911727506182 2.4032492362447555 22.304929288366637 255 61 108 0.37387693417391038 1 264 3 319 2 239
122 -8.1416702907046457 -0.25004654117111386 56.721233816063602 110 94 108 0.46304760310556503 1 256 4 273 3 315
121 -8.1416702907046457 -0.25004654117111386 56.721233816063602 110 94 108 0.46304760310556503 1 255 4 274 3 314
120 -7.5105093376982515 -0.60441730683875783 57.380392734855398 138 101 125 0.49851332310612273 1 78 4 272 3 312
119 0.48945795106302409 0.8962870734545475 19.836925519620291 198 139 149 0.19196511556953114 1 251 3 302 2 69
118 -8.9804455248792667 -1.5802950940664031 47.127507939389737 135 139 153 0.36002219212550152 1 249 4 389 3 301
117 -7.6050091849075239 -4.0080105084698925 56.366416057637622 140 91 113 0.36615463459002667 1 245 4 267 3 297
116 -0.55113207869089642 -0.012649664419984025 19.107909377896643 255 204 216 0.14738482121004784 1 243 3 292 2 60
115 -12.039718496341919 -4.1376844305221248 46.575805171515512 10 11 12 0.36375927419156467 1 242 4 260 3 290 2 226
114 -9.7975724937757604 -4.7024278222960803 46.334475014662175 11 88 120 0.50936490329051964 1 359 4 380 3 287
113 -12.632815467868705 -5.0170078834954932 46.347051117416797 5 81 134 0.26078496477126656 1 237 4 259 3 283 2 55
112 0.37304288706814603 -0.77238986061504289 19.289297080693984 217 229 250 0.65866194104551856 1 357 3 280 2 333 4 548
111 0.92942733427274959 -1.2526462511184211 19.389812291764386 253 221 227 0.45539423274229107 1 235 3 275 2 48 4 404
100 2.5816294585730954 11.870869145683795 20.310894631894687 255 67 124 0.27558639000506041 1 181 3 225 2 186
99 3.7126139099610422 11.464483338149918 21.500658888341135 255 73 123 0.12461933585848856 1 318 3 213 2 176
98 -3.8698071444581617 10.930548380491976 22.653737455259101 214 191 58 0.271042762662635 1 166 4 205 3 196
97 -1.2525829976806699 4.923722773114152 21.97308750271775 153 13 18 0.68019017760070188 1 118 3 131 2 259
96 0.55427004644625111 3.24107826785034 22.485488735023708 255 61 108 0.67379687081769157 1 100 3 122 2 247
95 -9.6641271030520119 -2.2523993375073852 46.980132743939507 108 83 97 0.22306474819929223 1 69 4 50 3 88
94 -13.034097877988541 -4.8944819791406724 46.365487107949129 7 6 5 0.42353300743873934 1 49 4 31 3 68 2 57
93 -13.729265381579415 -5.4653680971501961 46.396282732549722 5 5 5 0.35116505627465261 1 44 4 24 3 64
92 -10.04220943620507 -5.9045432803943116 46.126457761606808 163 163 184 0.17099604961946555 1 39 4 28 3 61
91 -10.877918108332416 -5.919097013939127 46.167537109103968 42 111 140 0.25587838915203709 1 38 4 26 3 60
90 -13.844571614767077 -6.0680271832520525 46.282575687558307 8 8 8 0.38556139711006326 1 37 4 17 3 57
89 -13.844571614767077 -6.0680271832520525 46.282575687558307 8 8 8 0.38556139711006326 1 36 4 16 3 56
88 -0.53557095446332248 -0.9463572372330219 19.048250740570257 220 144 158 0.31865890374714201 1 40 4 97 3 55 2 52
87 -9.9530167970399503 -6.7422325040958437 45.962590686609772 12 13 17 0.25326618705085857 1 33 4 18 3 51
76 -2.2322680036874245 9.6073488617820111 22.904343775133171 174 116 133 1.9061002390104396 1 625 3 736 2 563
75 -0.054924716549309603 10.502543162343176 22.786226179959669 216 177 53 1.5838482576983779 1 616 4 673 3 723
74 -0.75895276219607877 -2.9882380801859858 19.556813093653233 38 17 18 2.4214728766523739 1 594 4 662
73 -1.3895424570990171 11.720152917964668 20.328146459573723 177 152 27 0.98362808332928797 1 593 4 648 3 700 2 515
72 -3.7731869610945679 11.497080959800186 20.527516755399631 135 120 53 0.88848681840606325 1 592 4 645 3 697 2 514
71 -1.5882472198085811 11.453563572245681 21.473723124756923 222 187 59 0.54846662671142765 1 591 4 647 2 532
70 -4.5052086834685889 10.616094826731063 23.40034947959969 191 167 45 0.37353819345044115 1 558 4 616 2 512
69 -6.2191527248183265 10.458401419216207 23.545382960236097 183 162 48 0.37875396703401687 1 557 4 638 3 694 2 471
68 -1.0444827508481322 4.3064887437681199 22.113067275251378 39 7 7 1.0674559236485439 1 549 4 608 2 505
67 -0.059493488165088197 -0.57334738026441001 19.135638581513849 20 21 26 0.52704913930558173 1 541 4 598 3 603 2 452
66 -3.2687791920893456 11.378897667755407 21.186489833313509 203 179 49 0.69115184237456428 1 531 4 585 3 638 2 438
65 -3.6993754425966889 11.100135482778059 22.064930060924436 198 172 49 0.49001670785265805 1 530 4 581 2 435
64 -6.3334093204539945 10.678315580426606 22.527112815352499 152 130 33 0.39891656237396522 1 527 4 573
63 3.5503589360426346 10.639207434814406 24.174050606267759 211 157 59 0.25412309755679258 1 523 4 586 3 632 2 472
62 -9.6926159958526714 10.117815133856093 23.799085640640914 152 147 176 0.32759343678568498 1 522 4 564
61 -8.4437732734517255 9.4784218231645045 26.004755373376575 110 109 114 0.13848236909589093 1 519 4 560
60 7.0325657166413587 9.0526366619136134 28.205681565940026 198 176 119 0.95154202835691093 1 517 4 617
29 -1.0303825316053377 0.068835909339760692 19.185806587090784 87 43 55 0.4392973778982478 1 244 4 107 3 443 2 62
28 0.63194433276627826 -0.41111339832152338 19.280215195481297 215 152 169 0.57802289730284284 1 241 4 294 3 286
27 -1.2564490646193325 -0.64165601676671524 19.052090121770242 104 59 70 0.22004506030808949 1 238 4 98 3 279
26 1.3368695615298078 -1.3899660429378469 19.463847625156109 229 166 178 0.64212461861859293 1 234 4 288 3 273
25 3.8834296626365696 11.526191768827333 21.39660767723889 211 104 43 0.27509307673676969 1 175 4 241 3 216 2 178
24 4.1132988503952728 11.320566553197338 21.968083104850106 221 48 75 0.08603453806602808 1 174 4 237 3 211
23 -1.7468607315886842 11.202078805214828 21.957714507145138 217 180 57 0.62225471871233529 1 171 4 215
22 4.7600095778172831 11.230024155088397 22.389640792745983 226 127 55 0.1811824292507227 1 170 4 236 3 208
21 4.5066122175884917 11.21370332950022 22.425611525909833 223 46 67 0.50728062194677015 1 169 4 232 3 205 2 166
20 4.7077461445658457 11.138248738425316 22.650176988502576 220 48 68 0.30467327805037731 1 168 4 228 3 203 2 162
164 -0.064695268782528126 -0.58434135507120022 19.175004330752419 31 32 47 0.40539136634804879 1 542 3 604 2 453
37 3.3751437741037442 11.354310940835683 21.920267057449468 226 51 65 0.27209732256668567 1 315 4 364 3 390 2 174
166 -1.1331481987353582 0.28380993333630522 19.362874356394464 213 160 170 0.22317548667266252 1 498 3 607 2 408
39 -2.5912074571735704 11.261872454650685 21.0374790636887 166 121 115 1.1133306245851005 1 317 4 217 3 392 2 168
168 3.9679355798834903 5.6752306855388834 24.645491532418824 228 165 172 0.78398418442431017 1 510 3 620 2 463
41 3.5390188551249131 11.525230917091109 21.337208682513808 229 45 76 0.36573750107753722 1 320 4 371 3 395 2 177
169 3.5520085013924576 10.637941541287811 24.166736778844758 247 195 85 0.23512519277309063 1 524 3 633 2 473
42 -3.5600905438387795 11.491334792919654 20.650583572303827 202 174 44 0.37660326547654038 1 323 4 353 3 396
170 -6.3712862354149831 10.709551285087828 22.597603166283388 195 169 55 0.32811812607977758 1 526 3 634 2 432
43 0.70444197276394893 -1.2910276658220268 19.394816274764782 216 157 164 0.53859587436599277 1 353 4 498 3 435
171 -5.574328304564875 10.954754102363816 22.187270659944534 228 201 62 0.8755031652208588 1 528 3 636 2 433
44 -0.53683876457871549 2.7472211322254165 22.3437390076888 212 36 54 0.78736991556493496 1 373 3 456 2 243
174 -5.37482953436285 10.186310055527782 24.648297066708846 158 133 30 0.76200606146376204 1 556 3 660 2 470 4 615
47 5.1255263053823903 10.362126067328131 25.390576195346309 212 189 122 0.7217950043930732 1 407 4 458 3 505 2 284
175 -3.1037189707047959 11.127522618302216 21.64513643985557 48 31 8 1.1605064041401156 1 560 3 662 2 436 4 583
48 -5.4112609058339061 10.47323261506472 23.694628450049308 116 77 44 0.6499960596011789 1 412 4 441 3 508 2 285
177 -10.15424360616927 -5.8903919128245814 46.350930580682537 151 159 182 0.37711663326618572 1 570 4 625 3 671
50 4.1000599209320177 11.087127809099497 22.618693663572493 223 47 62 0.42050045374317485 1 415 4 463 3 515 2 386 4 531
178 -10.15424360616927 -5.8903919128245814 46.350930580682537 151 159 182 0.37711663326618572 1 571 4 626 3 672
51 -4.5701836095770112 11.023584142645568 22.166198452356156 196 171 44 0.70457932851992644 1 416 4 526 3 514 2 384
179 -1.0707538333824558 2.1363910970474826 22.21922224689229 39 8 9 0.76822368331128699 1 578 3 678 2 498
52 3.6674880611082714 11.195077872875341 22.139401204509479 223 51 64 0.83685000089897044 1 419 4 362 2 167
180 0.92853955942484034 6.4787397677211871 20.550028060950275 247 197 208 1.095163639100017 1 613 3 721 2 562
53 -4.6708523819139511 11.181470505940885 21.382533330672917 199 174 52 0.80834278299885953 1 420 4 452 2 293
181 -7.2466318099865985 -17.841969036305962 50.368084586308996 7 3 5 0.063254994120158239 1 195 3 245 2 9
54 -1.1155866435922335 11.419417044782746 21.736726763792941 214 187 48 0.44828246475488764 1 421 4 222 3 391 2 169
182 -0.41138060951015332 -21.46474158244321 62.830660636483366 4 4 4 0.95926531235255086 1 10 3 10 2 12
55 3.0400682842469506 11.618410471136023 21.177177086983015 242 191 207 0.27794836573969084 1 424 4 471 2 297
183 1.5575007169570951 -20.045169925155005 60.218488763692115 4 4 6 0.3338969537281633 1 13 3 13 2 16
56 -2.0334796104017863 11.909519194116184 19.467677195236789 215 186 54 0.26983624600811712 1 431 4 468 2 303
184 -5.605592359923719 -18.36012214568332 53.786820396368078 29 32 41 0.26496518930575863 1 207 2 18 3 256
57 -0.19567278492986642 2.41169587368924 22.123143331286219 59 3 6 0.75109744878320983 1 462 4 511 3 612 2 351
185 1.1277284690222313 -19.686173585714368 60.194733084964653 27 31 48 0.29846114086254727 1 14 3 17 2 22
58 -1.419851941003722 4.2528364657328197 21.57597676276065 205 30 47 0.71543492627883154 1 467 4 516
186 1.1277284690222313 -19.686173585714368 60.194733084964653 27 31 48 0.29846114086254727 1 15 3 18 2 23
59 -0.44741472766449397 -0.61386638657834169 19.07959570270285 140 154 209 0.61254789627296968 1 496 4 547 3 602
187 -6.9756225154659228 -16.026232607359322 51.422623221773406 41 31 31 0.22960612974764924 1 16 3 14 2 25
188 -2.8567352376227615 -16.6735986189763 56.520275019305792 99 87 99 0.12743874566082633 1 17 3 21 2 26
189 -2.8361749527945861 -15.704404822225223 62.141381383252707 13 13 15 0.22137507029298964 1 19 3 32 2 32
190 -0.53743826547671281 -21.941762530764404 61.812016809451769 5 5 5 0.22165518113870938 1 198 3 257 2 191
191 -4.272390069264663 -19.459274313314644 55.863705613995691 6 6 7 0.22553969319373512 1 5 2 194 3 4
192 -4.272390069264663 -19.459274313314651 55.863705613995712 6 6 7 0.22553969319376069 1 6 3 5 2 195
193 -15.509100328619141 -21.061173157638155 56.661019982471004 57 49 63 0.37120867804082902 1 332 3 408 2 196
210 -2.2404813063087672 -16.91172060947207 61.176178637043989 94 86 112 0.4135981695017385 1 346 3 537 2 319
211 -10.143630104380767 -0.39460866528215938 39.335538979398706 12 18 31 0.35124277945144189 3 446 4 487 2 344
212 -0.1827246891788642 2.401057011994721 22.076903804333163 42 8 11 0.7218105267447662 1 463 4 510 2 352
213 -10.124223553450186 -15.978041409036456 48.50603168235115 120 94 95 0.19496966254470252 1 435 3 534 2 394
214 1.3504814582484641 -18.104726429180069 61.965454398231969 77 71 88 0.39503104401931927 1 436 3 535 2 396
215 1.3504814582484641 -18.104726429180069 61.965454398231969 77 71 88 0.39503104401931927 1 437 3 536 2 397
216 -11.748824740319293 -15.443751389098512 50.404943038799054 52 43 53 0.25372213424054108 1 485 3 592 2 398
158 -6.5026579533351656 8.853301842576716 28.536959129943781 33 31 34 0.413384793986113 1 479 3 578 2 273
31 -1.9972873849589825 4.4964081270305805 21.288974752470587 118 3 8 0.53526201656772943 1 276 4 321 3 333 2 110
217 -7.5835016232530084 9.1757709568285595 26.627879700703701 19 18 16 1.0012056499117277 1 554 3 581 4 558 2 427
159 -0.8205582797760268 8.8425627868475818 23.462810219927075 149 82 55 0.51670447483950721 1 483 3 583 2 428
32 -5.8246344992267485 10.415055286699872 23.732359835736371 183 162 49 0.33628244233709598 1 304 4 340 3 380 2 152
218 -9.4017615774007322 -17.176179805430067 49.301369690870438 7 7 7 0.44115369453497461 1 533 3 643 2 480
160 -3.9509062541918296 10.901176423520244 22.704535469006931 223 196 59 0.37659160846498879 4 525 3 587 2 287
33 5.0188086389464308 10.971047816840402 23.392053422133163 211 143 158 0.30608619192314757 1 307 4 461 3 386 2 289
219 -13.601788874676489 -12.968774611947049 49.74281771344657 6 6 5 1.0107094507256644 1 535 2 483 3 645
161 4.1210939466762779 11.480869787667894 21.251859116568401 255 67 118 0.46369515278251977 1 484 3 589 2 387
34 5.6715592962565227 11.062598125191558 22.997396859476545 227 41 64 0.38892121927515433 1 309 4 363 3 388
220 -11.193603828118585 -2.4215830795829114 40.966053578721557 7 7 9 0.2677799433481774 4 628 2 490
221 -8.9754249471993752 -15.383116203916321 49.038544664280288 119 105 122 0.34834539877668363 1 564 3 666 2 516
163 -11.61032806225951 -5.5148517793842444 46.274926991717301 10 10 14 0.29878510764647359 1 495 4 534 3 601
36 3.8574405263249743 11.321276269570186 22.081192856798225 240 187 206 0.36105948185975412 1 314 4 366 2 173
222 5.8695854619804919 10.701966303759685 24.046340256273357 207 35 56 0.087317464810300977 1 615 2 541
209 -4.3765407282902968 -17.09953656413747 59.85224989782688 10 9 11 0.16475812174653576 1 343 3 423 2 318
208 -1.4029371628414578 -18.565186188432023 57.791465724726862 6 6 6 0.20667549270563015 1 338 3 417 2 314
207 -3.1683789471661497 -20.655515811769064 58.179323459035174 60 54 66 0.23006434132498443 1 334 3 253 2 311
206 -5.8506185723637651 -19.879434805062399 54.458760800420777 58 56 69 0.16964550928053801 1 333 3 412 2 309
205 -14.997898551302795 -2.727616161105705 39.991206052745397 18 16 19 0.53955684195940012 1 451 4 381 2 229
204 2.6309243609702211 -1.4546161014371892 20.867926709434158 170 207 246 1.0408995745291374 1 35 4 290 2 218
203 -14.959020119741218 -9.5037093398450576 45.057234904195326 58 56 65 0.50116987210893604 1 227 2 214 3 268
202 -1.8845455691178414 -16.618498389478738 62.383123782557419 30 27 33 0.22105907575683911 1 224 3 27 2 210
201 -0.51180448820853497 -17.550892948091601 59.125180125501849 23 20 23 0.23183930502602779 1 214 3 262 2 206
200 -16.885196588961328 -21.50252824141343 58.718787466016884 4 6 4 0.39692316499350083 1 433 3 532 2 203
199 -16.885196588961328 -21.50252824141343 58.718787466016884 4 6 4 0.39692316499350083 1 434 3 533 2 202
198 -8.2213228467541466 -17.298440257438116 50.103890153840688 55 58 74 0.27380887807821636 1 201 3 248 2 201
197 -8.2213228467541466 -17.298440257438116 50.103890153840688 55 58 74 0.27380887807821636 1 200 3 247 2 200
196 -6.1492813130408477 -17.694925450017312 51.740688617312664 55 56 74 0.18202982200333051 1 205 2 199 3 255
195 -6.1492813130408477 -17.694925450017312 51.740688617312664 55 56 74 0.18202982200333051 1 204 2 198 3 254
194 -15.509100328619141 -21.061173157638155 56.661019982471004 57 49 63 0.37120867804082902 1 331 3 407 2 197
157 -1.5780634967779386 6.61620031942482 20.214168710766852 201 32 50 0.51233163055192554 1 477 3 575 2 376
30 -11.611976530360918 3.2565401097227844 32.725745294420733 61 45 45 0.34811476459789575 1 270 4 285 2 250
156 -0.50363173808387907 1.477624503968008 21.377196177259485 228 211 225 0.15307249910671858 1 455 3 549 2 345
149 3.2764787260915926 11.516884598073208 21.390612221592811 255 206 218 0.2389519779555726 1 423 3 522 2 296 4 369
148 -2.0732065392119434 11.189807347110159 21.10656650839698 227 159 157 0.43219522963702123 1 422 3 520 2 437
147 -5.640762560967354 10.64864343967445 23.090417257599352 223 196 63 0.44305088544513083 1 413 3 510 2 286 4 446
146 -8.0835514621084634 9.6685470140624741 25.835981181419768 173 169 184 0.37264504884077643 1 401 3 494 2 277 4 430
19 5.0510012217013758 11.013614382196037 22.986764680150724 217 45 71 0.21202336455781801 1 167 4 361 3 198
145 -0.53683876457871549 2.7472211322254165 22.343739007688804 255 57 98 0.78736991556493408 1 374 3 457 2 244
18 -6.0339513822637594 10.772002000191533 22.521064964526424 185 163 52 0.62848007569125752 1 164 4 344 3 193
144 -12.985023695897102 -4.3454936796014669 46.499681144671108 7 6 6 0.23007304829547959 1 360 4 378 3 441
17 -6.1179871452310408 10.227213707775709 24.362005892314436 175 152 49 0.27333309181817067 1 158 4 335 3 377
143 0.45554534003477942 -1.2027531908056996 19.427818470372312 253 216 222 0.98780694590091311 1 355 3 437 2 219 4 403
16 -6.0030110135150245 10.202660376403331 24.587163151169111 170 147 52 0.44604960397666271 1 157 4 179
142 0.063896144167265342 -1.3359775468881661 19.183010834125525 253 191 202 0.31362894241271505 1 446 3 434 2 403
15 -6.0619673731609156 10.082781334840904 24.8334485272329 86 69 26 0.44997267636530952 1 156 4 332 3 183
136 2.7842377381049128 11.759370179120426 20.439474542033771 255 66 115 0.2219202512382342 1 326 3 400 2 185
9 -9.3364654556562048 8.6692239077536257 28.048200211130585 109 107 128 0.22265545757632571 1 138 4 146
135 3.0845192645103929 11.673920524388263 20.833354264279475 255 69 118 0.17325931090792449 1 324 3 398 2 181
8 -9.5422246069984311 7.8651301294705762 29.832537408721052 81 79 94 0.26347476345534548 1 130 4 305 3 150 2 130
134 3.3439841243548374 11.624531255510588 21.146567409414978 255 69 120 0.23336523794397765 1 322 3 397 2 179 4 372
7 -1.0656603574729904 3.8405321271503419 21.778543351141149 183 23 37 1.4751566507543639 1 105 4 154
133 4.6501001006287224 10.685294051327228 24.329052159008228 246 198 89 1.604566389818191 4 221 3 381 2 157
6 -0.88327764834478406 2.9589361752468069 22.340300742567202 211 34 53 0.16248121243125319 1 99 4 132
132 4.9984588485372674 10.16765358397495 25.59360499098031 245 196 84 0.22490516528206914 1 302 3 376 2 147
5 1.4021691436552632 0.25782748560384666 19.330218982194751 179 118 129 0.54212317753613304 1 63 4 120 3 82
131 4.9984588485372674 10.16765358397495 25.59360499098031 245 196 84 0.22490516528206914 1 301 3 375 2 146
4 0.87709731270526381 0.081770722692106931 19.277945631685714 216 166 177 0.30722820182523897 1 55 4 114 3 78 2 61
130 -0.4099382614863567 9.0013314641507272 23.683003413477586 167 98 60 0.48608846614837092 1 296 3 370 2 278
3 0.32120883654124144 -0.48143470605139715 19.288185266581714 156 210 246 0.33938428143704275 1 52 4 106 3 69
129 -8.9280234340308233 8.5054665331421688 28.30490285692807 116 115 134 0.3875594978019925 4 313 3 356 2 135
2 0.58488793276144579 -0.77215319177600028 19.291005566285758 136 82 106 0.54843035057944645 1 47 4 105 3 65
128 3.59040690903691 6.4524539599195521 25.14203372895728 201 135 143 0.25471926101844572 1 285 3 346 2 125
1 1.4417035863088172 -2.4569739785633229 20.324031291528176 246 198 211 0.41020734262937675 1 26 4 78 3 41 2 40
49 -8.5272414755894452 10.741514191039798 22.430844979744336 81 67 23 0.58594011693549675 1 414 4 520
46 5.1255263053823903 10.362126067328131 25.390576195346309 212 189 122 0.7217950043930732 1 406 4 457 3 504 2 283
45 -5.7307374472409176 10.126199078279871 24.921411996650388 157 132 40 0.3902510594077106 1 404 4 435 3 500 2 282
40 -2.839326409311111 11.356000882493539 21.100358224209614 44 28 10 0.33248651762056025 1 319 4 216 3 393 2 171
38 4.2479017309935276 11.364406078005338 21.77386637164145 234 135 67 0.022892901995800963 1 316 4 370
35 3.8574405263249743 11.321276269570186 22.081192856798225 240 187 206 0.36105948185975412 1 313 4 365 2 172
13 -8.4709776094029898 9.4631039799865775 26.29657129021891 15 8 13 0.58516824214495555 1 146 4 159 3 171 2 140
12 -7.3038433538820522 9.2180716210862226 27.009274750159232 8 8 8 0.31703193916636724 1 143 4 158 3 166
11 -10.003764599245011 8.8854723074993629 27.164949238428996 140 135 155 0.042851064455598734 1 142 4 151
10 -10.003764599245011 8.8854723074993629 27.164949238428996 140 135 155 0.042851064455598734 1 141 4 150
14 5.7546233732530334 9.7118021997034205 26.770836605194713 204 182 121 0.43693889455070078 1 149 4 349
