# 3D point list with one line of data per point:
#   POINT3D_ID, X, Y, Z, R, G, B, ERROR, TRACK[] as (IMAGE_ID, POINT2D_IDX)
# Number of points: 66, mean track length: 2
59 5.1396956245482199 17.47032377303923 115.43657823878949 174 160 149 0.22642748905924345 1 896 2 921
58 -10.634921395843429 -2.2663329693326353 106.22252208614434 35 33 46 0.55653903422364093 1 881 2 853
57 -0.23731718906844268 -11.981172097014959 103.7741260307472 198 185 155 0.84682288722503185 1 877 2 883
56 -5.7724883463017962 -5.9460189155389971 108.37251643488948 54 74 22 1.8121172245559367 1 848 2 850
55 11.010761498511755 -11.725809511813466 109.39358045119388 26 28 0 0.28830093273037627 1 843 2 844
54 6.8861542969659153 22.691540181089799 67.303066973484178 103 85 78 0.42998766519832582 1 816 2 825
53 7.2939168180902376 22.047545161094575 74.032736421650924 200 179 160 0.02682872028832349 1 815 2 863
1 -7.2692891731826403 -8.6255808300189827 115.90607522892662 42 54 20 0.2217571928496759 1 156 2 420
60 -4.5161076110200531 -13.028402099619091 100.26690212842578 11 11 6 0.74462368326332551 1 900 2 913
14 -3.8841771167033103 -10.994568595079047 101.76379509748563 119 116 107 0.099267536521517485 1 385 2 406
15 -11.294310932271637 -7.4589620657657134 102.66600672751522 199 183 157 0.07062255779829768 1 394 2 421
16 -10.461065717982953 -4.6096571551471142 104.69515234290631 24 23 23 0.1131531951361439 1 400 2 428
17 -11.21326156853679 -0.39135869988792615 105.16570949686896 158 142 121 0.40195074910778239 1 416 2 440
18 -14.808248848935772 1.0803572222063584 105.44528755902323 100 82 69 0.18106854442068349 1 417 2 442
19 -14.808248848935772 1.0803572222063584 105.44528755902323 100 82 69 0.18106854442068349 1 418 2 443
20 -1.3102734340605497 3.5572845087225158 107.27839959409022 109 107 91 1.8785206623778266 1 423 2 198
21 3.7785693835021865 16.562230765095315 111.66971811017585 83 75 70 0.42454406912021658 1 442 2 228
22 -3.8955294504723472 17.754071487882591 109.15928539992728 57 58 42 0.42371880102465931 1 446 2 634
23 -7.2523884530254197 17.742193038997389 103.18511461026549 181 186 167 0.21678010744985943 1 448 2 461
66 6.3228412337344588 20.497206833349431 93.224261020993538 205 183 163 1.3542997050379628 1 920 2 939
7 -0.13958809275869477 18.62243382335188 106.39447214930455 252 227 209 0.29526266986235494 1 223 2 235
27 -4.6065835595669382 23.629943255268071 67.552646353927059 134 130 96 0.070710336288867096 1 478 2 490
65 -3.4638118355353047 -1.1486752536269751 108.08976353214885 191 185 182 0.25614389878610561 1 915 2 942
6 -0.74495355329704882 17.513538343596565 110.68560409862629 86 68 55 0.24076252437954387 1 218 2 231
26 1.9133176464537183 20.809302698392571 83.757354978285107 217 189 174 0.10455514582035014 1 463 2 473
64 -3.1708902361664006 -14.797399014806649 90.279989621653812 94 87 70 0.12859374482716318 1 913 2 938
5 12.640519685324712 16.221921326182414 118.6261151992102 58 36 29 0.1108821901977015 1 215 2 225
25 2.5081355532944967 20.11083786647287 83.090530648816866 131 117 101 0.14784538418133644 1 461 2 470
63 -1.2558006971842302 20.537542607204756 90.949317825584956 200 177 159 0.13148276011164689 1 910 2 934
4 -12.113000573126234 -2.0689398043649043 106.26104880933011 168 148 126 0.54715513083402745 1 179 2 438
24 9.0257924406822383 18.629946318865912 100.00976608524107 156 131 129 0.81810309941108472 1 450 2 641
62 -1.2558006971842302 20.537542607204756 90.949317825584956 200 177 159 0.13148276011164689 1 909 2 933
3 7.0786070218476995 -3.124231581866511 105.76625633816451 29 30 40 0.3170919540469197 1 174 2 436
61 -6.8857487986252552 6.3993504585062677 116.37947815287846 95 96 83 0.2908322355906745 1 904 2 920
2 7.0786070218476995 -3.124231581866511 105.76625633816451 29 30 40 0.3170919540469197 1 173 2 435
29 -3.7667963845805374 -12.433179777129924 101.93838827611836 99 99 82 0.62220129434240479 1 561 2 583
28 1.6403944587713752 23.517673315409191 59.505666254572823 198 212 171 0.19005416764978844 1 487 2 497
8 -0.13958809275869477 18.62243382335188 106.39447214930455 252 227 209 0.29526266986235494 1 224 2 236
9 -5.2895310268726234 19.406371897339266 103.32382455384106 234 214 185 0.069926367464848482 1 228 2 239
10 -5.2895310268726234 19.406371897339266 103.32382455384106 234 214 185 0.069926367464848482 1 229 2 240
11 -5.5202607408021152 23.028849918142082 69.886967089690813 228 210 198 0.28692992367843378 1 260 2 278
12 -5.5202607408021152 23.028849918142082 69.886967089690813 228 210 198 0.28692992367843378 1 261 2 279
13 -3.0490598887348748 -16.710291254448112 85.323478172843565 12 23 7 0.092503151579204565 1 353 2 562
30 18.324149645695197 -11.416130580222418 109.95501355668357 9 10 12 0.3128744826431693 1 569 2 588
31 18.324149645695197 -11.416130580222418 109.95501355668357 9 10 12 0.3128744826431693 1 570 2 589
32 16.983403373723462 14.375932168297087 140.1680546032579 45 36 30 0.296260457359795 1 602 2 613
33 0.71875232434211878 18.359737130803474 102.87342473131514 110 94 85 0.46267356407773708 1 612 2 237
34 -6.4754109661860415 18.5974618525502 102.81365873295104 149 136 117 0.18181546239419294 1 614 2 640
35 7.7392860993564083 20.62040412289182 85.740064127339764 183 166 150 0.11369844112239214 1 619 2 471
36 6.845285868471378 21.457265627319824 80.142949711045162 210 189 170 0.17825889615091439 1 625 2 649
37 -5.2375278775392875 23.181223894403185 67.901696257135015 109 94 76 0.019058461503019809 1 639 2 660
38 10.456210414925664 20.266156767375232 83.524161849414526 203 189 154 0.14066307724622981 1 727 2 750
39 -3.6106840706748384 22.098085125619836 78.079544703692804 203 185 163 0.38938329544845618 1 730 2 820
40 8.8035943265432337 -9.6962350321396578 110.13073789525524 197 180 148 0.0092000412909705141 1 775 2 797
41 18.305947351732918 -5.1043397992561008 118.34549470372885 11 11 21 1.2142308616720268 1 781 2 807
42 18.305947351732918 -5.1043397992561008 118.34549470372885 11 11 21 1.2142308616720268 1 782 2 808
43 7.7648844456888204 -4.3829446967061267 107.84534626470325 22 28 44 1.0933157243848186 1 784 2 806
44 -2.8687101442645608 -0.13027755085153542 105.81939895294654 207 200 191 0.76317086489301389 1 788 2 894
45 -2.8687101442645608 -0.13027755085153542 105.81939895294654 207 200 191 0.76317086489301389 1 789 2 895
46 -0.39703885021343588 12.829797463571584 109.22438992626775 89 93 57 2.6578928818199286 1 797 2 740
47 17.049624160346543 15.190486027561827 114.12714156134631 213 188 183 0.50161481792237161 1 800 2 812
48 17.049624160346543 15.190486027561827 114.12714156134631 213 188 183 0.50161481792237161 1 801 2 813
49 6.5132966279492139 18.195124888130362 103.67008529842143 199 187 161 0.033532731630198334 1 806 2 858
50 11.376079585741461 19.480552722435082 85.838429244702155 107 94 75 0.10317493977398415 1 808 2 747
51 11.376079585741461 19.480552722435082 85.838429244702155 107 94 75 0.10317493977398415 1 809 2 748
52 7.2939168180902376 22.047545161094575 74.032736421650924 200 179 160 0.02682872028832349 1 814 2 862
