# 3D point list with one line of data per point:
#   POINT3D_ID, X, Y, Z, R, G, B, ERROR, TRACK[] as (IMAGE_ID, POINT2D_IDX)
# Number of points: 62, mean track length: 2
59 9.3794977667987212 6.6724214779309525 49.217787180497368 67 63 59 0.0091324216430685029 2 1026 3 1088
58 9.3794977667987212 6.6724214779309525 49.217787180497368 67 63 59 0.0091324216430685029 2 1025 3 1087
57 7.3467028581296363 7.8697522759263929 44.983640950342533 96 98 72 1.4030047595222201 2 1019 3 1066
10 -4.3242631518836374 -0.049791030431185962 46.992109808660665 20 17 27 0.1915508446964323 2 509 3 546
9 12.001167050276958 -0.22829199487179472 46.911834819049417 18 25 36 0.039500791292693599 2 506 3 752
8 5.7868264062943169 12.576170917646078 33.161334572730738 124 120 100 0.2009931942003666 2 327 3 632
7 0.39360972963298568 11.202478126503408 37.967526199344363 175 165 163 0.056505333455009313 2 311 3 329
6 4.0620119051425405 9.9054186092293133 40.360255862494952 89 90 80 0.17669918281225377 2 304 3 311
5 2.8444444163979368 9.7862821636933681 40.734387365055994 188 174 163 0.33006331051933085 2 302 3 613
1 -2.2090636153051708 -6.5824938769203802 43.7546872292545 56 29 14 0.14415871904890537 2 130 3 143
60 7.3138678747437131 3.6213370428586238 49.194550928556289 182 168 160 0.30895801559982305 2 1039 3 1098
14 1.5704508594727553 5.1534947241432452 48.581804570265639 36 30 31 0.10969470284942399 2 532 3 580
15 -1.7941225767470952 5.9776126054690399 52.737282820944102 225 209 196 0.067826299590788286 2 536 3 270
16 5.717417169631327 7.012108966780815 48.276671576915199 156 168 127 0.016407226549469054 2 541 3 276
17 10.368501854908446 8.0225930014335578 45.741183736697728 240 224 177 0.76571099414324706 2 545 3 595
18 10.368501854908446 8.0225930014335578 45.741183736697728 240 224 177 0.76571099414324706 2 546 3 596
19 -4.566045226196743 8.2048632716942915 46.201771199543515 67 73 60 0.2698264537917604 2 547 3 787
4 0.53348869432393897 9.1375749651130658 42.911367336873418 82 78 68 0.130237149274535 2 292 3 296
62 -2.8402571716733007 4.8698369889627733 52.392057487478247 160 142 131 0.059287610174422314 2 1042 3 1103
3 3.0365304693296697 1.1808608395435127 44.829326673886655 24 25 30 0.043912992362467124 2 224 3 243
23 9.1562743545589953 5.3982333029011551 49.09092540700815 50 50 45 0.28720750195903544 2 726 3 772
61 -2.8402571716733007 4.8698369889627733 52.392057487478247 160 142 131 0.059287610174422314 2 1041 3 1102
2 10.105098754594426 -5.733424207065851 39.727189178681776 175 196 181 0.0025885069974040257 2 133 3 144
22 6.9933048858808924 11.407231569586926 36.59708926278239 148 145 128 0.1481062891144389 2 579 3 325
21 2.7663170775865682 9.5828222939501284 41.396972554103208 89 77 67 0.27074086330235192 2 559 3 611
29 1.6598753047087764 9.6561253206028255 40.600194969542358 128 118 109 0.13401781360976278 2 744 3 906
28 5.9846700504171331 8.7414665504031035 44.075750509299596 58 61 49 0.25225553120756083 2 737 3 788
27 8.7305998643403662 8.2310315677770447 46.424131524033847 180 174 149 0.46573537685338573 2 735 3 786
26 10.315380824371868 6.6291618630907223 48.854030642773189 67 65 65 0.069616134164846938 2 731 3 583
25 5.7098823266638199 5.7308646735498954 51.610078949774987 136 151 100 0.018612384021655812 2 728 3 775
24 9.6571323670374163 5.4564251429318125 49.105013299709704 166 149 139 0.37870578863089221 2 727 3 577
20 -1.7677560347352914 9.496091689957618 41.756902212978979 54 54 51 0.066812996291178692 2 555 3 612
11 -2.5530941437517418 1.7976867799767573 65.01112165466715 170 158 149 0.11847540135459016 2 513 3 558
12 14.52891269950673 4.1281786598038286 56.244964834638708 204 184 183 0.33228405969883917 2 522 3 563
13 1.5704508594727553 5.1534947241432452 48.581804570265639 36 30 31 0.10969470284942399 2 531 3 579
30 8.8748509864168383 10.07785779218978 39.676581152106849 80 80 80 0.23553102729420983 2 746 3 796
31 8.8748509864168383 10.07785779218978 39.676581152106849 80 80 80 0.23553102729420983 2 747 3 797
32 2.3024560329707038 10.4101134908055 39.493906970978379 108 106 99 0.16910688991103184 2 750 3 803
33 3.4878731713164375 11.918707780857433 36.510825699900614 190 184 171 0.52023532029943187 2 761 3 810
34 5.4390135369354615 12.025363739645451 35.244174493489979 144 136 121 0.46860148634384929 2 762 3 812
35 -2.0466804163800534 2.5397919837861331 63.792248582465852 81 73 79 0.38072436491028172 2 847 3 983
36 5.7513270623099704 9.7596797552556467 40.190312906183159 112 107 101 0.46357781119655522 2 863 3 905
37 8.8008212103996275 10.381722115233529 38.719780159381138 142 144 124 0.7066737214515928 2 864 3 909
38 2.1085931159732869 10.65773634442035 38.661163197864624 145 135 125 0.17941204413479991 2 865 3 912
39 3.4029718586225775 10.964780321259935 37.611342187607214 149 152 126 0.14799113691818794 2 866 3 997
40 3.5042675612969543 11.525912311620809 36.882849540821127 51 48 44 0.054329031673517353 2 869 3 808
41 9.8532470076338221 -2.0480864827175322 44.58226264922159 18 20 29 0.15558784167731449 2 912 3 961
42 2.9949904809429806 7.7875223542063763 45.807766459452878 185 204 177 0.4651817817591814 2 929 3 1030
43 10.238073860176158 7.9004346735067985 46.539373574623596 232 205 163 0.042178621960346566 2 930 3 989
44 2.1806837038019933 9.3554812364155691 41.877756450809663 163 153 141 0.27052958565903507 2 936 3 1037
45 -0.90089421224010735 9.6619882153228289 41.704724597752666 159 151 141 0.44569426658692124 2 940 3 1038
46 0.84831120169072172 10.168366213374824 39.600446611793437 36 27 24 0.46675822933930999 2 941 3 995
47 10.91628902093753 -0.59029318952999499 47.731367019114252 22 24 27 0.67770042873712977 2 979 3 1024
48 12.026794818350789 0.4232576539039043 48.488966344651061 104 144 35 0.24326498540187741 2 981 3 1026
49 0.40012017313211601 8.086526336877359 45.547456836686464 139 160 123 0.20045888270200307 2 983 3 1031
50 3.3928748673489597 8.7995734354346489 43.418540208964679 129 129 84 0.34281912064254616 2 985 3 1034
51 0.91865272580185575 11.013953613454236 38.611260486839875 177 168 163 0.85349136651561519 2 988 3 1039
52 10.866873748159694 7.0803822311744282 47.848106763186159 47 38 36 0.059915083052087495 2 1008 3 1063
53 -0.22107691487827363 7.563232599977292 48.713634504631131 67 73 55 1.0813552833743132 2 1010 3 1064
54 -1.2211125928189723 9.0780226465415126 45.081094101485981 42 52 44 0.36284368619081642 2 1014 3 1068
55 -1.7244126945736848 11.414529807088197 38.234694771797798 156 149 138 0.37586270239807423 2 1015 3 1070
56 7.3467028581296363 7.8697522759263929 44.983640950342533 96 98 72 1.4030047595222201 2 1018 3 1065
