# 3D point list with one line of data per point:
#   POINT3D_ID, X, Y, Z, R, G, B, ERROR, TRACK[] as (IMAGE_ID, POINT2D_IDX)
# Number of points: 108, mean track length: 2
59 -3.1758281856060826 2.879859741219545 20.764816536335353 158 130 90 0.37053906561589578 1 1399 2 1432
58 -2.4856822959546232 2.7243680150257141 20.840160202505739 94 78 58 0.45875395490992843 1 1386 2 1426
57 -2.3437022008676687 1.8937952547528076 20.566884621183018 94 71 50 0.29081675758678216 1 1341 2 645
56 -3.1769896737861032 1.573379178519339 20.367780892331314 127 84 58 0.027050399096407964 1 1307 2 1369
55 -2.5795243936019157 1.11414812131104 20.266345686339601 130 127 122 0.24710013386504759 1 1283 2 1343
54 -2.5225473310298145 0.71718028206746764 20.504866333500591 69 57 56 0.024095317475735022 1 1257 2 1326
53 -2.561527512027296 0.51149977249027667 20.475988223115323 39 28 23 0.028101770672408714 1 1229 2 1313
52 -2.725187971333499 -0.56716465562106433 20.479941817857021 59 54 47 0.13629769695477811 1 1168 2 385
51 -3.2332703582660756 -1.5693367364962916 20.161115815747223 46 38 31 0.16497209793761708 1 1121 2 1169
50 -2.8923913289920273 -1.6069924051269417 20.189453071880575 51 41 36 0.06634352945587553 1 1118 2 1165
49 -3.1316660078476044 -2.0199223389254484 20.489081246282005 185 156 131 0.42530610591140611 1 1106 2 241
48 -0.8301292226874919 -2.3595134948310794 21.713515614057304 255 255 255 0.30687220239605689 1 1093 2 1129
47 -0.8301292226874919 -2.3595134948310794 21.713515614057304 255 255 255 0.30687220239605689 1 1092 2 1128
46 -1.9482891503271533 -3.3130585618594539 21.660612008227016 171 146 132 0.56031046465336276 1 1055 2 1076
45 -2.0349083532476158 -3.6089403051805102 21.667802834307889 138 110 99 0.47885961943674199 1 1029 2 95
44 -0.99427297014523131 -4.3816743100625573 20.403034429875092 201 186 179 0.17110489119774985 1 980 2 1006
43 -1.8207291094922899 -4.4405072009508473 20.303635242786068 45 39 39 0.075991941881525193 1 978 2 1003
42 -0.88325996263909978 -4.479393512582539 20.414077279206396 119 97 82 0.15679134956899526 1 977 2 1002
41 -1.5774838349888824 -4.5218776302021864 20.331790597015654 91 79 76 0.01753953289455806 1 974 2 1000
40 -1.8178301724791677 -4.5673541544041427 20.307433667837323 51 53 55 0.12598612462059505 1 969 2 997
39 -0.36213314356713244 4.6350480243833232 20.816645841036692 52 26 14 0.076067429679773146 1 918 2 857
38 -1.9998801435457265 4.3967573168040683 20.725939351033286 184 141 101 0.061152995872840392 1 904 2 841
37 -2.541214478294858 4.2723962787310539 20.690652080328981 48 34 19 0.0085819070563141042 1 897 2 822
36 -2.0147926801757041 4.2643741828954944 20.751554527927745 154 113 67 0.076761410622748244 1 895 2 825
35 -1.3423765245052621 4.0835723808969568 20.833074625320517 59 31 15 0.077376397810528103 1 875 2 813
34 -2.0097202702814636 4.0569827724305405 20.753231899152109 160 116 81 0.1074434251060935 1 874 2 807
33 -0.96806254146341963 3.9089853257725404 20.682216553123688 185 155 102 0.064025566347353693 1 868 2 803
32 -0.96806254146341963 3.9089853257725404 20.682216553123688 185 155 102 0.064025566347353693 1 867 2 802
31 -2.8678561300587084 3.8082201234559911 20.674381764979607 154 132 91 0.038763344413085224 1 860 2 789
30 -0.69587838424215054 3.6110656902721767 20.706774209599008 40 19 1 0.091919678179484959 1 851 2 1486
13 -3.3670245354013932 -1.5647605130036644 20.156250377198308 45 26 19 0.10704811947647642 1 342 2 281
12 -1.300202179354141 -1.5805049456362705 20.325182049038627 246 240 222 0.26224106024148774 1 341 2 289
11 -2.3792412993553782 -1.6314392687579258 20.260516638689136 74 65 73 0.058269891967337853 1 333 2 280
10 -2.8023701980541409 -2.0848052450778147 20.509475934388853 173 142 111 0.19493573611796544 1 287 2 235
9 -2.8023701980541409 -2.0848052450778147 20.509475934388853 173 142 111 0.19493573611796544 1 286 2 234
8 -2.8424068471838426 -2.1808245768988543 20.521374939834384 42 28 27 0.14861540630987741 1 279 2 214
7 -1.0054680073287434 -3.0462578721547038 21.73211694541444 171 146 123 0.17638736466647148 1 219 2 1099
6 -0.77268139294854787 -3.2893275897769181 21.779864670820146 168 140 123 0.044745040026787579 1 195 2 130
5 -1.7471427291266926 -3.5914514436282556 21.709757819643734 144 116 105 0.3062489098607476 1 163 2 101
4 -1.5254446427902701 -3.7209362811966029 21.731646880232002 89 69 62 0.30931542946033908 1 146 2 81
3 -4.9145522523076881 -4.5070199924948691 25.485749004132977 88 69 59 1.0670040156613232 1 107 2 84
2 -2.218525461777646 -4.4467559957720857 20.324751649386922 212 198 177 0.15846005305945676 1 53 2 7
1 -2.0223689937382048 -4.5568384136582125 20.268708274568503 43 31 25 0.12842716608789739 1 44 2 1
14 -3.3454102048253436 -0.77546990061626397 20.628909475697494 189 166 127 1.2425968139735655 1 433 2 1238
15 -0.93587749631766926 -0.53405951135832097 21.249700120322341 192 165 121 0.04998340802156985 1 462 2 398
16 -2.5911696112654781 0.34596695829188551 20.476968603682039 63 54 50 0.098447878004686601 1 547 2 475
17 -1.042265467088817 0.6174576660339558 21.29155711102181 132 107 69 0.20956439391919948 1 572 2 509
18 -2.6193569839525992 0.61599369784917479 20.478174998284917 211 189 161 0.078459505634820209 1 576 2 500
19 -2.746924735442799 1.2254322545842076 20.255294696978016 243 226 200 0.25262778081046411 1 629 2 574
80 -3.4030159862726954 2.815261617752268 20.775039179642658 80 63 43 0.18080354957401926 1 1840 2 1948
21 -2.274712065937222 1.7883363323010384 20.505179516112197 172 153 131 0.22275628411846121 1 677 2 632
81 -3.0692114505424177 3.3917844708846325 20.697044994230811 113 94 55 0.26390732131991401 1 1865 2 1975
22 -1.6281481918166385 1.9249083732760233 20.432336462600972 30 11 4 0.22728837118855588 1 696 2 653
82 -0.2472756093379278 4.1670381637256302 20.938599065878524 170 127 89 0.098537720748494304 1 1901 2 2013
23 -2.0735365912522612 1.9595489124568966 20.513286225507102 65 54 50 0.28099409345215443 1 698 2 655
83 -3.3825276369385904 4.1334514744326531 20.288475681680382 226 197 169 0.32928422608110042 1 1904 2 2009
24 -2.9724391058069033 2.5195050077340917 20.842939651566667 150 132 95 0.024952093857700919 1 745 2 690
84 -2.2524884070786539 4.4053038887162961 20.718903004883803 136 101 67 0.12876994391203925 1 1910 2 2014
25 -2.1600777045293231 2.7244156778448252 20.861980386077551 156 133 101 0.095657441659351444 1 765 2 709
85 -1.6386296905438202 -4.3718919711057094 20.343670299368789 208 195 178 0.13363825868352641 1 1952 2 2097
26 -2.8981839504883098 2.7973806978105187 20.808193853651876 140 116 89 0.13315138146434546 1 773 2 713
86 -0.96262641777954183 -3.5540125915701646 21.814788828830327 128 96 83 0.67292805989216564 1 1979 2 2125
27 -2.9200256346709503 2.9812550980831327 20.803502134568689 195 166 130 0.10058690100473169 1 785 2 732
87 -2.8797247960446972 -1.7514687071970052 20.210596578692286 239 224 209 0.20229837720612076 1 2004 2 1761
28 -2.5101509082622311 3.1303669478267557 20.774716066669509 162 141 95 0.24678348719211846 1 797 2 743
88 -1.758674578320794 -1.7565530040537052 20.314528677605566 248 236 222 0.010813246204884629 1 2005 2 2160
29 -3.1703088345973214 3.477808961461506 20.686845889261207 184 155 115 0.096897916148364668 1 836 2 766
89 -2.8325081946764517 -0.93792060909178576 20.478161650636888 41 39 36 0.028869015669755832 1 2025 2 1808
90 -2.0701471273960426 1.8405580457816573 20.516287514330624 59 46 40 0.30088386894487845 1 2093 2 2224
91 -1.7993375006317516 2.1497957042119284 20.552805219854044 170 153 110 0.032053371621957059 1 2103 2 2453
92 -2.9209536936592544 3.2420231071359491 20.717481092937302 123 101 55 0.10961243659295247 1 2131 2 2249
93 -2.4306172957641436 3.3765283226268239 20.770605301927393 66 51 14 0.032183965477460191 1 2135 2 2259
94 -2.4306172957641436 3.3765283226268239 20.770605301927393 66 51 14 0.032183965477460191 1 2136 2 2260
95 -2.6098753852561565 3.4702917920478931 20.713376752032023 105 91 57 0.27782200711203303 1 2140 2 2262
108 -1.9732395460734047 0.18683194431222516 20.547388772018074 168 146 106 0.057426562826568467 1 2551 2 2858
107 -1.7231326725773251 -1.6196741874174891 20.096477601351062 235 223 207 0.77271457343229333 1 2536 2 2816
106 -2.0665961476844776 0.46853471223759147 20.658363017509103 182 153 111 1.7618672329639087 1 2470 2 2695
105 -2.0960535106752305 -1.6412356887323227 20.243192921815435 237 221 205 0.2760580849596353 1 2460 2 2760
104 -1.7033452007909844 3.2055930413626696 20.464538330083059 121 94 62 0.068566663603866207 1 2442 2 2623
103 -2.8687230979235157 4.4280102741316592 20.633352357265473 40 22 10 0.14353856140871876 1 2298 2 2490
102 -2.8687230979235157 4.4280102741316592 20.633352357265473 40 22 10 0.14353856140871876 1 2297 2 2489
101 -0.77636717006754008 3.7631490483118717 20.734263200796786 32 16 0 0.13168095000787033 1 2282 2 2483
100 -1.5488550807413493 2.7251117627743291 20.542879789820951 50 35 25 0.6774699105762696 1 2262 2 2464
99 -2.4063612443698545 4.0197162821550867 20.705423171111509 168 137 100 0.24395802939331135 1 2152 2 2279
98 -1.440566098417019 3.9967211644749603 20.781350854340502 67 50 33 0.55105167643155051 1 2150 2 2487
97 -1.1494621195282386 3.617543104288814 20.668570035396698 172 150 112 0.64649996295750944 1 2145 2 2266
96 -1.1494621195282386 3.617543104288814 20.668570035396698 172 150 112 0.64649996295750944 1 2144 2 2265
79 -2.2227127535820026 2.3665706792083969 20.602565340444077 174 148 107 0.47108244128049204 1 1827 2 1933
20 -2.7596991833057611 1.3855897464113798 20.249237039332542 235 215 192 0.28282233752207331 1 644 2 589
78 -2.884517231794379 -0.76951133800759308 20.46607101085435 207 183 157 0.27427149879616097 1 1694 2 1815
77 -2.884517231794379 -0.76951133800759308 20.46607101085435 207 183 157 0.27427149879616097 1 1693 2 1814
76 -2.8956704174332115 -1.4617105275498241 20.26624002727327 230 210 195 0.23539865448018904 1 1666 2 1779
75 -1.4796033547033725 -1.4835981594754371 20.296513538192926 247 239 227 0.41980083425354225 1 1664 2 1784
74 -1.1925238961463451 -1.7704669788007377 20.340395123462656 75 59 40 0.36493350395389801 1 1656 2 1762
73 -0.51096129823806802 4.6338078264019744 20.770930847797747 43 26 12 0.19436399357878351 1 1496 2 1548
72 -0.51096129823806802 4.6338078264019744 20.770930847797747 43 26 12 0.19436399357878351 1 1495 2 1547
71 -0.30732998932117273 4.5334589321943506 20.827670931145548 193 147 104 0.25045061901221299 1 1486 2 1543
70 -2.469987830940541 4.4861069010522323 20.690767870494859 119 78 46 0.022827408327028162 1 1485 2 1535
69 -2.5980409412187164 4.4111298234903868 20.685118815536242 50 34 13 0.032811358449551728 1 1481 2 1529
68 -3.2467299585285332 4.1394414318949284 20.300226896142956 48 36 20 0.36682887548653687 1 1472 2 1511
67 -1.9826835712648823 4.1568766675829592 20.757343879193563 105 81 66 0.076664066556360919 1 1467 2 1514
66 -1.9826835712648823 4.1568766675829592 20.757343879193563 105 81 66 0.076664066556360919 1 1466 2 1513
65 -2.2608322522204487 4.1442860098814061 20.719214191267447 44 25 15 0.033395300889197503 1 1461 2 818
64 -0.38268624785709004 4.119888098584493 20.928900166307564 98 67 41 0.25962378425905275 1 1460 2 1518
63 -3.2096842521392208 3.8218379575433219 20.277716953090714 38 27 1 0.27669567287076269 1 1455 2 1495
62 -0.92959395424442803 3.7962264284120084 20.686178071194224 55 36 16 0.035508746213756263 1 1447 2 1498
61 -0.92959395424442803 3.7962264284120084 20.686178071194224 55 36 16 0.035508746213756263 1 1446 2 1497
60 -2.5863363872821195 3.3080462309666614 20.769071217576155 168 143 95 0.033258687861721682 1 1419 2 759
