# 3D point list with one line of data per point:
#   POINT3D_ID, X, Y, Z, R, G, B, ERROR, TRACK[] as (IMAGE_ID, POINT2D_IDX)
# Number of points: 28, mean track length: 2
13 3.7331001771043058 3.2942623176073287 60.480949771211847 79 90 24 0.59625794754128436 1 641 3 630
12 -2.4803822716629345 1.0639505928362973 45.125802191178671 48 35 14 1.5584997063576278 1 619 3 201
11 -2.0600207399117538 -8.49590075418166 29.008746588210645 161 149 160 1.3286830740564866 1 497 3 13
10 4.7766812324079035 -9.5321815639438761 25.753285458608254 112 87 97 0.7762434648815062 1 493 3 3
9 4.7766812324079035 -9.5321815639438761 25.753285458608254 112 87 97 0.7762434648815062 1 492 3 2
8 -2.4006324855951773 9.8168090535127952 37.91869368768991 215 207 198 1.7721946609191117 1 326 3 316
7 -5.4421723984506079 7.7573566418986655 47.802572383889597 100 84 56 1.1941255866061227 1 263 3 266
6 -7.0752608358787699 4.0542051217627124 45.287191455768571 40 27 16 0.2472712879513847 1 243 3 239
5 8.9553613151763152 3.2874771449963252 50.944873581946261 215 212 207 0.96430140472222114 1 232 3 221
4 6.5495921003315267 3.1244955585549681 60.252707848642295 85 97 22 0.22298943054848719 1 218 3 217
3 7.9376456900081624 1.3970450850135918 51.7197683670855 207 204 200 0.51338677905159469 1 204 3 202
2 7.7561287437148856 1.041697061583061 51.733614512635029 192 190 177 0.40689649956305363 1 198 3 191
1 0.48401915753395652 -1.6358895579413728 42.938568696262635 36 25 18 1.1114320518887351 1 143 3 598
14 -3.03098051045834 6.8042044787421601 48.424862972021579 173 161 126 0.38877722284019223 1 674 3 909
15 -2.8192595938448735 7.0787496452018575 48.106147567801045 57 38 14 0.60950095358637313 1 678 3 675
28 -1.9318786662776457 9.0096437380426408 41.066126894141824 144 141 79 0.53099233111464905 1 1406 3 1364
27 -2.9177433168406779 7.4185470725705098 46.577654699755115 123 101 74 1.6845529242377388 1 1404 3 1362
26 9.2599211415746225 4.9537026345525188 50.549138474482355 108 94 64 0.29720539992208966 1 1345 3 1293
25 -0.89693452663273643 11.225546789347881 27.861569403433059 200 193 151 1.8253561277600761 1 1326 3 1263
24 -4.7267255780870352 9.2400889939717565 41.870231045832675 174 170 130 0.22203193437574295 1 1318 3 1298
23 2.0610258217597504 5.5987291159175925 58.39909860608013 155 154 99 0.39110276734230992 1 1314 3 1295
22 2.0610258217597504 5.5987291159175925 58.39909860608013 155 154 99 0.39110276734230992 1 1313 3 1294
21 7.9322899234354924 6.0763596360310776 47.301338782872598 135 112 85 0.23822849650883254 1 1214 3 1165
20 15.064608579216561 5.6851511798977263 47.960848493219757 107 84 60 0.22272657045686645 1 1212 3 1067
19 9.1614652726908723 9.3593968963446876 33.413043989366081 166 174 96 0.49925667963625114 1 979 3 714
18 7.4966635200331968 3.4938127882875003 57.360645517902199 184 182 128 0.56452999385637526 1 917 3 899
17 9.2101720690347761 9.1711336479032948 33.9662464499687 104 106 43 0.53101094034948815 1 721 3 704
16 7.6125971764981593 8.6939886188954514 36.082930902112992 91 75 45 0.23788885019567241 1 710 3 296
