# 3D point list with one line of data per point:
#   POINT3D_ID, X, Y, Z, R, G, B, ERROR, TRACK[] as (IMAGE_ID, POINT2D_IDX)
# Number of points: 31, mean track length: 2
29 -3.4929512409152998 -1.0515446904782348 53.747934105629298 168 157 129 0.38112359370336402 1 993 2 1033
28 -1.1002881659865391 12.773617651239507 40.561878112483313 143 124 94 0.33123892791478166 1 976 2 1016
3 10.205951542676956 -3.5823049172422818 53.689138303739924 63 45 35 0.71528126594168029 1 208 2 190
6 10.404726318763416 -2.6692584083630639 53.975800795240971 90 70 73 0.80439933700446409 1 218 2 473
7 -3.1844246667753051 13.146874206598879 40.456033857563021 102 93 74 0.62400611762594815 1 325 2 271
8 -2.6522945131558284 13.237260871970635 40.069698155185883 202 186 171 0.061577735815602136 1 327 2 275
9 2.4517550131364989 -5.9518260745295057 54.034528101941603 29 24 28 0.61524849854626873 1 484 2 665
10 -7.073285489661389 -3.2806350800671011 53.584321980611442 160 139 129 0.78869419437488253 1 497 2 671
11 -1.8995959473877475 -2.2135860811077026 52.653376202985577 22 22 34 0.41142810414681191 1 505 2 468
12 4.9933495735000433 8.3707530497494371 51.547478849155922 36 34 21 0.15288493675547238 1 542 2 701
13 -1.0493863936705843 9.3553542730916295 52.262843653982571 86 96 80 0.149630105475138 1 544 2 512
4 -6.652984981822927 -3.4793029520902965 53.945923640825221 23 25 33 0.30145258132757718 1 210 2 177
30 6.3445388180001752 -1.9289348588452855 51.7659787160487 136 132 121 0.47518743249453688 1 999 2 1036
1 8.875776477096684 -7.8258023402554162 53.919628193833681 183 166 155 0.25003568390600156 1 175 2 433
5 10.404726318763416 -2.6692584083630639 53.975800795240971 90 70 73 0.80439933700446409 1 217 2 472
31 -1.0908136522850116 2.4008571844566333 49.682557709367885 83 84 77 1.0599449354342587 1 1007 2 1040
2 2.5635028957252532 -5.2070219598447594 53.847395311448381 184 169 143 0.61624010051540801 1 197 2 454
14 -3.1829045829334248 12.974695258313083 41.853433565229857 171 157 125 0.72214366928794216 1 567 2 525
15 -6.1839968611412015 -0.65662730043891093 54.265479702614265 36 41 45 0.11479226678414223 1 697 2 676
16 -6.1839968611412015 -0.65662730043891093 54.265479702614265 36 41 45 0.11479226678414223 1 698 2 677
17 -6.0983139773229738 9.649228710438809 50.582935927048233 58 78 43 0.91846597176012379 1 724 2 708
18 -6.3042132343923321 15.298671496923482 59.490280714704738 206 187 171 0.2689313384852845 1 732 2 721
19 6.3159552689044904 7.2962246885130853 54.29413792352527 39 39 28 1.4872780421832328 1 820 2 857
20 2.0709333076093026 11.684777354252162 41.045192636376825 195 170 148 0.023343022101843108 1 899 2 870
21 5.6727313852020389 13.078924727605145 36.869542873913822 146 145 117 0.18882289592169726 1 903 2 939
22 2.7690645497982409 8.3933219121366527 51.558028690540056 57 37 27 0.11121377520359177 1 941 2 984
23 0.1078308007258002 9.1676342083147002 50.51554300999949 90 80 71 0.064673770436302208 1 942 2 985
24 0.1078308007258002 9.1676342083147002 50.51554300999949 90 80 71 0.064673770436302208 1 943 2 986
25 1.5334611769091779 -5.5778257329740315 54.173629806299125 10 10 9 1.0679303650500258 1 965 2 1006
26 8.9869135030414462 -2.6010160216444591 53.894118939946253 143 120 93 1.4837248022269722 1 967 2 1024
27 8.1718031866549943 -0.80296119527028242 54.881681138420461 123 105 100 3.2990813357427191 1 970 2 977
