# 3D point list with one line of data per point:
#   POINT3D_ID, X, Y, Z, R, G, B, ERROR, TRACK[] as (IMAGE_ID, POINT2D_IDX)
# Number of points: 61, mean track length: 2
59 -2.0599092816421711 -8.865729399617976 84.434820017052857 4 8 18 0.40189643876743941 2 1052 3 1071
58 2.9705190292169359 21.00387037265531 69.456848780957628 153 145 134 0.31407363871288524 2 1042 3 1063
11 -0.92583600494712481 18.517960437616566 91.089736741767041 47 45 40 0.040023681677082076 2 269 3 574
10 -8.5711177023962488 18.228017014448554 95.694862811404988 68 53 48 0.50607093694866512 2 265 3 571
9 10.845753862856704 17.193377267739653 98.944546083264839 57 46 50 0.22579845543552579 2 260 3 309
8 4.705720663917373 17.290607905721878 102.52743034697924 115 107 100 0.016756477330437523 2 257 3 307
7 -15.097568004495105 15.169512976173678 117.76751876432706 211 187 177 0.06437499414597242 2 248 3 298
6 14.133379915796461 -1.3110856011909249 86.767520926817909 22 22 37 0.080402347440551802 2 197 3 227
5 13.888076286397542 -3.1667211290784443 85.883543246037959 34 37 53 0.012862480090887004 2 195 3 219
4 13.618432398341213 -3.809735986015335 87.198191006406134 177 174 143 0.011708642974760031 2 193 3 518
1 -3.93741017574325 -17.77868747772909 55.32494898146458 191 220 42 0.082563015156139535 2 65 3 641
60 -2.1851541856212475 20.880818418094968 71.172250898171271 152 151 133 0.36590493761648268 2 1067 3 1087
14 -4.8271686906343625 19.253379668411256 86.21063417383084 81 65 65 0.57562869178430343 2 276 3 320
15 1.5231391934399605 19.784633214785181 77.54951938855838 183 173 152 0.53526177744899017 2 281 3 338
16 7.169320500661466 21.083663888891646 67.583574679385904 72 67 63 0.23207985986798754 2 295 3 596
17 2.1235889456123029 21.603187230135187 65.089365730049835 60 58 46 0.27556000299856687 2 300 3 357
18 -10.750512609650672 2.2054833144926005 91.534691440688533 34 38 46 0.38570576062766387 2 505 3 534
3 -2.4172471385584777 -7.3375467160045211 84.811539666521725 153 157 142 0.44701447208872835 2 172 3 502
61 1.6922665740040781 11.748135621658932 107.2288945960612 169 147 136 0.35733584064465279 2 1076 3 1098
2 -2.4172471385584777 -7.3375467160045211 84.811539666521725 153 157 142 0.44701447208872835 2 171 3 501
22 -1.0956338510399428 22.312993183211301 57.681319608651634 150 132 128 0.079605456582516609 2 597 3 608
21 -5.5140062287913016 21.770553267382475 61.612108799241057 72 74 59 0.283320610355072 2 587 3 606
29 -6.6510045467167211 8.1539899933584294 91.044280695395415 53 49 55 0.57374572041373295 2 730 3 547
28 -9.1501841315735106 -2.0615055733342555 86.687223770649794 192 188 151 0.42277405869481788 2 713 3 877
27 10.3067211733417 -13.103918711373508 81.510862509977969 144 153 39 0.1875469255006324 2 689 3 694
26 10.3067211733417 -13.103918711373508 81.510862509977969 144 153 39 0.1875469255006324 2 688 3 693
25 10.556018674859885 -13.946083410161538 80.997943811299052 40 42 23 0.027608221159204277 2 684 3 469
24 10.556018674859885 -13.946083410161538 80.997943811299052 40 42 23 0.027608221159204277 2 683 3 468
23 -1.0956338510399428 22.312993183211301 57.681319608651634 150 132 128 0.079605456582516609 2 598 3 609
20 -4.3328357665058821 21.287718742020836 69.121255408860677 63 55 59 0.041983593684953538 2 578 3 595
19 11.030115989755799 19.279591534532351 81.893244177722266 184 170 159 0.15341642742237346 2 564 3 584
12 -0.92583600494712481 18.517960437616566 91.089736741767041 47 45 40 0.040023681677082076 2 270 3 575
13 9.979354194565051 18.690046122033674 87.39922853221583 30 22 19 0.14688792487669977 2 272 3 318
30 -6.8628336700168511 14.447771369447882 94.534738821339886 51 46 48 0.081223542211912608 2 744 3 771
31 16.332422337366179 16.811331658187239 101.70912806754049 66 70 57 0.085995163871609132 2 747 3 904
32 -10.303422757048807 18.81385205027842 95.978395490266564 56 51 47 0.79257786707131395 2 752 3 779
33 15.643386244736845 17.464646605724681 89.727314263102514 156 169 138 0.4235174361389662 2 753 3 906
34 3.2535338902169348 18.91815104834178 87.311894234576826 199 191 180 0.46747063721266235 2 759 3 780
35 9.9068081359408033 20.762735701909541 68.23975703989872 74 71 61 0.092229900321673663 2 768 3 788
36 -2.4317267525295017 21.787944539058529 64.719724587291395 92 87 75 0.074782558503266081 2 774 3 792
37 -6.9222939039595204 21.882744845262486 62.932712282409874 86 82 73 0.16781968059172281 2 775 3 793
38 6.2320139606151317 -13.110227019903929 70.167901512412783 40 60 41 0.23326637349132451 2 835 3 848
39 -9.3876863659776681 1.6115950875581919 90.051190203544436 121 123 102 0.83984212682859238 2 871 3 886
40 6.1425614626679801 16.86309775836375 101.36251957648663 174 182 140 0.37748796582568722 2 884 3 903
41 -1.8775704571089986 20.211865042056189 81.42189332616384 47 47 55 0.38911650993719427 2 891 3 987
42 -9.4703378881050373 20.819645529501102 75.963793198542859 139 132 114 0.18737713757505126 2 893 3 913
43 11.689375315199637 -13.099862588274961 81.20191164227181 28 44 15 0.099257267927161524 2 929 3 948
44 -4.1098281345387413 -10.482091280375624 77.501911108875902 17 17 23 0.025268739886510936 2 931 3 1015
45 -0.89960493767730743 -3.9622900758512394 82.175277186506918 54 81 41 0.17765451512054536 2 937 3 960
46 -10.522527183034642 -3.1048199360429427 87.210222050765552 18 18 26 0.84926012680231144 2 942 3 1020
47 13.333957688284858 -2.6762278834364106 86.030802365830766 17 23 35 0.052318944174606287 2 944 3 963
48 -10.916207498251381 0.66024637943015052 91.307523424735052 23 25 30 0.44734017942131288 2 950 3 966
49 -10.916207498251381 0.66024637943015052 91.307523424735052 23 25 30 0.44734017942131288 2 951 3 967
50 0.70371444586089726 15.611727656854187 106.62032258902141 218 201 189 0.085376588122192745 2 963 3 979
51 11.497991869970313 17.873552165687698 91.973257288733635 117 114 98 0.0098476761483245086 2 968 3 982
52 10.123141553100304 18.955990027230573 87.372282240658237 52 52 48 0.11136195311768651 2 1001 3 1030
53 -0.43196335252562701 19.709171668207855 86.789929552233957 162 169 138 0.06813673320336526 2 1003 3 1031
54 3.339334888782461 20.165284354273069 75.996355397886134 98 82 67 0.013018377072422677 2 1005 3 1034
55 3.339334888782461 20.165284354273069 75.996355397886134 98 82 67 0.013018377072422677 2 1006 3 1035
56 6.5113178536217164 19.114129838658386 86.262297087839926 129 125 106 0.076190547994293117 2 1039 3 1057
57 6.5113178536217164 19.114129838658386 86.262297087839926 129 125 106 0.076190547994293117 2 1040 3 1058
