# 3D point list with one line of data per point:
#   POINT3D_ID, X, Y, Z, R, G, B, ERROR, TRACK[] as (IMAGE_ID, POINT2D_IDX)
# Number of points: 608, mean track length: 3.6233552631578947
541 -25.262968662630776 24.392941126885937 493.31935957820212 89 85 84 0.33163882689834401 2 2342 4 2312 3 1764 1 1276
540 -68.891834060739313 24.319967413838327 491.77812176395258 57 51 49 0.19663529891765821 2 2340 4 2310 3 2325 1 1920
539 -74.53060469836322 21.431031155938477 490.87838547619543 96 89 81 0.40420341390158732 2 2331 4 2299 3 2315 1 1913
538 95.500725314580308 21.101099932158643 496.69532934531316 100 95 86 0.17202980659488201 2 2326 4 2300 3 2322 1 1911
537 -76.814924096267134 20.484295143561056 485.59890143586665 111 105 94 0.55387625308229782 2 2324 4 1665 3 2313 1 1256
536 133.40966208988974 15.729080931016087 490.3696702303406 24 22 18 0.5622512988114533 2 2315 4 1646 3 2306 1 1233
534 50.033761514654252 14.935678665745915 495.07704772646849 27 21 21 0.64132978003335661 2 2313 4 2275 3 2300 1 2329
533 12.330508841220228 12.42268763942503 469.5502717941435 23 22 18 0.21628839124696664 2 2306 4 2272 3 2293 1 1881
528 -87.006871163551949 9.2092161767431602 458.94743113780697 52 47 43 0.14542044476984789 2 2293 4 2260 1 1874
525 120.19089318439387 3.4841837762279981 446.31137822385375 29 24 23 1.4701543273144027 2 2283 4 1565 3 2268 1 1159
522 -38.607866016106833 0.74074902886630611 465.31831545456299 36 32 35 0.22834984015197429 2 2275 4 2246 3 2253 1 1859
521 -13.8574142423087 -0.54258399629119647 508.14405910499761 116 106 97 0.32024130559908587 2 2270 4 1544 3 2248 1 1136
520 -69.27198649372292 -1.7492538995997651 465.1800167571746 44 35 33 0.40488148283212355 2 2264 4 425 3 2239 1 21
515 82.682915847041272 -4.7991353330219297 386.67800345555901 25 34 40 0.4669049632913686 2 2251 4 2225 3 2236
514 98.904436569449871 -5.5276779933007223 383.38506890323737 54 41 36 0.46052902834960996 2 2250 4 2221 3 2235
513 0.47662403308914736 -5.6298512792599853 390.25897807684277 65 62 30 0.24143650977425646 2 2249 4 2216 3 2226
507 1.7701632394924167 -9.184997931429157 389.36876179895484 104 110 105 0.35599235684999259 2 2236 4 1486 3 2210
474 48.479752766817285 80.680802836288748 448.26701067586976 53 48 42 0.096506384757801947 2 2026 4 1914 1 1517
473 48.479752766817285 80.680802836288748 448.26701067586976 53 48 42 0.096506384757801947 2 2025 4 1913 1 1516
472 51.413136644626434 80.200892665881625 448.3010522298535 22 18 16 0.14673258168909251 2 2023 4 1048 1 598
471 39.182140509090679 79.928267668547647 449.20015888960535 126 116 103 0.12878419175311587 2 2021 4 1910 1 1515
470 -52.361666985045908 79.068057222968392 458.09856562021099 52 36 24 0.23364660584666275 2 2019 4 1900 1 1506
469 -52.361666985045908 79.068057222968392 458.09856562021099 52 36 24 0.23364660584666275 2 2018 4 1899 1 1505
468 -65.284006955215972 78.230917273513882 452.73767183565178 48 41 34 0.32171257677140658 2 2017 4 1898 1 1504
467 38.896895621053986 77.350450380587532 454.95749262898846 95 90 88 0.079978404858043958 2 2014 4 1028 1 573
466 21.918026343728624 77.374043296715612 456.83461543628391 74 71 61 0.2895147074156002 2 2012 4 1894 1 1500
465 47.439887317123798 75.501063668338361 453.87844468966364 110 106 96 0.16258873254438996 2 2008 4 1888 1 563
464 37.812889179932753 75.791737574637409 457.3614396112448 42 41 37 0.14147002179897505 2 2007 4 1886 1 1492
463 118.29498418698495 73.186960288313841 438.84464055130195 76 67 58 0.31381298023691623 2 2006 4 1885 1 1491
462 118.29498418698495 73.186960288313841 438.84464055130195 76 67 58 0.31381298023691623 2 2005 4 1884 1 1490
461 35.8959212939304 74.036504583654377 454.23928568487923 106 94 88 0.50307913853324038 2 2003 4 1009 3 1218 1 554
460 114.64039522905287 71.71350710183242 435.63042181231083 96 88 77 0.39134474084118237 2 2002 4 1881 3 1997 1 1485
459 -71.173585142917631 73.746532073278004 456.03534618420031 39 29 20 0.6341851941562302 2 2001 4 1877 3 1992 1 1483
458 104.84713704886994 71.430989214331618 441.70170497067153 29 25 24 0.25414829718152171 2 1999 4 1876 3 1994 1 1482
457 93.515805073690046 71.627327088974567 442.64060234063288 99 91 78 0.36744041099642627 2 1998 4 1005 3 1995 1 551
456 -59.473113092294881 72.900490100541134 457.47889610931838 28 23 14 0.24681883794958234 2 1994 4 1875 3 1989 1 1481
455 89.72238945177844 69.082472083085918 438.89910906848911 50 41 34 0.45281927254093735 2 1992 4 1872 3 1991 1 1477
454 4.7437278042111188 71.334861256041748 457.52287334756568 49 35 28 0.98278784245560102 2 1991 4 2430 3 1988 1 2017
453 -86.99473389539591 71.391552318080841 455.93061970960628 51 44 38 0.20335818946770925 2 1990 4 1873 1 1478
452 34.894721211729021 71.01712737836904 461.56802990895136 44 39 33 0.24426823334258188 2 1988 4 1870 3 1986 1 1475
451 -1.1999310449039533 58.815948729801448 388.22796066262595 129 140 142 0.19505757491019554 2 1985 4 1865 3 1982 1 1462
450 40.024102939121093 70.465886783701549 462.13055470721588 42 35 34 0.24402784583419357 2 1984 4 1868 3 1985 1 1470
449 -32.489031035273619 70.045180864070119 461.86338603652439 47 35 25 0.60145942952710862 2 1982 4 1867 3 1977 1 1469
448 -0.98394874858762726 57.28345337570088 388.8280945393825 122 134 134 0.21597499981277687 2 1978 4 969 3 1969 1 1452
447 42.23574954698757 68.659482915969107 462.75634944639222 41 35 29 0.26370853503874009 2 1977 4 1864 3 1971 1 1465
446 42.23574954698757 68.659482915969107 462.75634944639222 41 35 29 0.26370853503874009 2 1976 4 1863 3 1970 1 1464
445 97.062415545672081 66.824515128529896 451.49506778109475 27 25 20 0.30486086203214113 2 1975 4 971 3 1972 1 518
444 46.610904786743447 56.959708121882478 398.04511945246696 57 47 36 0.11763286131450848 2 1971 4 1856 3 1171 1 1443
442 107.84886712022453 64.846070274380779 448.7641423572768 37 35 31 0.27316298645852727 2 1969 4 1859 3 1966 1 1459
441 45.351892753572059 66.697453209182797 465.8849740170125 38 31 23 0.25854047465977187 2 1968 4 1858 3 1964 1 1457
440 -72.598334742543074 66.420042584705655 466.74564025079292 35 30 26 0.18313367341271039 2 1965 4 1857 3 1954 1 1458
439 -26.585315341271592 65.723434578822335 471.27264670737753 42 36 27 0.20176853410802847 2 1962 4 1850 3 1953 1 1448
438 115.64762145081542 62.634435894230954 445.46788718304816 55 48 43 0.3402193074597335 2 1958 4 1849 3 1961 1 1447
436 -34.789338717328128 62.393257268018061 458.87033875165298 123 118 122 0.19094371932419152 2 1952 4 945 3 1947 1 498
435 105.78914470244285 62.139040922943579 452.41315569581508 109 101 93 0.22935854425764302 2 1951 4 946 3 1951 1 501
434 -68.583224059358201 62.212245342020793 471.21471629617872 113 103 101 0.21562053348511295 2 1947 4 931 3 1932 1 1436
433 -78.017777884501157 61.654550115842504 468.50980165466467 91 82 74 0.25705287431199236 2 1946 4 1842 3 1929 1 1435
432 20.358781171859313 59.868592604856765 465.13504248495116 120 119 118 0.23325811810793101 2 1943 4 919 3 1130 1 474
431 -47.902908011082943 61.001544695341707 472.25709744602955 28 25 17 0.11595433101094166 2 1940 4 921 3 1925 1 1431
429 37.228634629987496 60.030445959371015 472.04805792110358 35 29 23 0.22446775002728989 2 1933 4 914 3 1928 1 473
428 37.228634629987496 60.030445959371015 472.04805792110358 35 29 23 0.22446775002728989 2 1932 4 913 3 1927 1 472
427 -14.293802209941358 60.141570484840535 473.61786394128922 39 30 28 0.13530788542342009 2 1931 4 1838 3 1923 1 1422
425 -65.465418027833493 60.279192272163499 473.17283142059472 113 105 92 0.18993836741574061 2 1929 4 1836 3 1920 1 1424
424 -58.418377779477808 59.980072337218822 474.22074868140896 124 113 101 0.13978619864407182 2 1928 4 1833 3 1918 1 1421
423 -27.945232817589055 59.57674806468107 475.9623196931712 113 105 92 0.14998012086362245 2 1926 4 907 3 1118 1 1420
422 -44.947340885640571 59.133621928255209 474.4489406158408 35 30 24 0.11327787462099931 2 1925 4 1832 3 1915 1 1419
421 -84.070925564623366 57.035154260003985 455.8182861441382 113 107 106 0.12355962682851174 2 1924 4 1831 1 1418
627 -37.829433352770018 -1.3509692428668816 469.83779602310682 109 107 109 0.3815497136330287 2 2603 4 2243 3 2583 1 1857
86 -38.563405715536874 10.015008008280033 465.64723084633397 30 26 22 0.11626991559950399 2 745 4 533 3 744 1 130
629 -64.503696953803455 0.25199345118277749 499.92619805753196 116 104 96 0.35177276778379829 2 2605 4 2649 3 2584 1 2300
633 -2.9079035243175282 6.7476291902961139 452.56602131117313 104 107 107 1.288811874524364 2 2622 4 2661 3 2602 1 2314
92 -77.683225946186383 11.109995471940753 448.59397920208272 34 27 22 0.26547887222332772 2 766 4 546 3 754 1 136
635 -59.371065570467287 11.615684479436009 484.35859513246356 18 17 14 0.13967733897409296 2 2631 4 2671 1 2321
638 92.805953317160572 11.679512162118327 486.39769484836637 31 29 30 0.42034396886706776 2 2636 4 2677 3 2616 1 2577
97 20.610980235315822 12.5354903335357 486.87446513677872 108 108 103 0.50934750236716686 2 773 4 560 3 776 1 151
642 86.835251059519919 15.437266383108003 505.12482902851929 97 91 83 0.45645094823682714 2 2643 4 2683 3 2621 1 2333
648 -60.778377998266066 25.180390697255671 530.37446937043285 60 46 39 1.0682357944065055 2 2658 4 2948 3 2636 1 2358
107 -86.717570969315574 16.63328722980059 456.23215757195265 39 38 34 0.16723811158808122 2 823 4 611 1 212
650 53.854311967088975 25.574519751347388 501.64594042037595 90 80 67 0.23558112536654174 2 2666 4 2710 3 2643 1 2361
109 -59.340762893704188 17.876249931722025 473.76154637048359 35 33 33 0.17217414450937327 2 831 4 616 1 220
652 -84.764107091257614 26.378232852719467 503.58386267649718 47 34 21 0.24810374143803093 2 2668 4 2712 3 2641 1 2363
111 -83.7295210973422 17.600060434791715 456.09316402694304 35 29 27 0.21420664892068425 2 836 4 620 3 831 1 223
661 1.7883124411488105 24.712720458153786 390.51033193983267 91 95 87 0.19313181719603956 2 2684 4 2723 3 2661 1 2367
120 12.348301187062086 24.232150987947673 495.8744096953539 95 90 94 0.15671469948662495 2 868 4 665 3 888 1 1275
663 4.6463421758839534 32.306322305126599 393.24104928019597 130 135 131 0.15245559516550625 2 2692 4 2732 3 2666 1 2385
666 -85.010575095436309 45.586030878533691 457.05399507629676 90 86 82 0.075969411920969634 2 2701 4 2745 1 2394
667 -26.353474470365779 52.886566359468098 483.99555268863185 97 91 75 0.26457146390745034 2 2704 4 2749 3 2691 1 2397
126 -44.053248320767956 25.83132962362653 467.65921944325021 97 92 96 0.11919995872929176 2 894 4 685 3 905 1 284
668 -84.700248044851236 51.68611969677422 456.36589736615838 110 108 111 0.15481993345903766 2 2705 4 2750 1 2399
669 -42.578918472559884 57.263158129110018 475.94940314714802 112 102 90 0.18374893204805848 2 2707 4 2753 3 2693 1 2400
128 0.17418726480267166 22.87971681131182 391.70619001021879 97 103 100 0.16683015950605223 2 910 4 687 3 928 1 279
674 -14.515542820067189 63.95531441982876 470.94125126199589 36 30 27 0.19906451858676005 2 2720 4 2763 3 2707 1 2404
133 17.957706532388109 28.523902220519346 469.46884011847385 122 122 124 0.15601813969014686 2 918 4 712 3 930 1 309
676 22.187928063759394 64.703896037454072 467.74626081908912 45 31 22 0.2220751600191134 2 2722 4 2765 3 2709 1 2406
135 72.948654067200891 25.189034942054043 412.25139947069823 108 107 105 0.18250199628992186 2 920 4 1709 3 1801 1 1293
677 95.019703827312469 63.520941334280764 454.03592735038444 74 68 61 0.29038067111659016 2 2723 4 2766 3 2712 1 2409
136 69.891165632941295 25.829008125819406 414.65151322037593 88 91 87 0.21073240319014186 2 923 4 714 3 945 1 304
679 111.21213452706343 63.425885953138256 450.23772184896484 21 17 15 0.36692541015164543 2 2725 4 2768 3 2715 1 2411
138 -37.21140502334994 29.285535008095323 464.65161487046856 41 37 38 0.083042527647180411 2 925 4 723 3 932 1 314
680 -81.412430963620295 67.193785449395264 464.39077127679172 21 14 10 0.2722963698016872 2 2727 4 2772 3 2711 1 2417
139 83.914177842531217 26.298848865010587 416.14516941079631 30 23 19 0.25135700566420316 2 927 4 720 3 950 1 1302
687 -2.9188610391254626 62.482245047092583 387.36620256101031 81 84 77 0.62172504961873143 2 2743 4 2437 3 2449 1 2423
689 105.45825582687996 75.505701126930049 437.41907842991128 41 36 28 0.23706029131481224 2 2745 4 2452 1 2032
148 -96.743614984998459 33.480085450745158 493.85591920122334 55 42 37 0.4741621196895891 2 939 4 749 1 342
707 56.014181305964321 1.0378705360284974 394.9005758053471 82 81 77 0.46041554910260829 2 2850 4 2908 3 2593
713 48.119574154378967 8.1251498484236464 447.01045924544223 24 25 29 0.82525083542751743 2 2858 4 2917 3 2819 1 2574
172 -74.001906745176427 41.472160316242636 491.8066053065773 85 72 63 0.072756988984699858 2 1005 4 817 3 1016 1 393
718 82.516497488029046 15.77082743461094 506.62943940162285 90 86 75 0.50117359594838151 2 2868 4 2926 3 2832 1 2585
177 -35.210968145624769 42.064580598145859 464.2522953265422 119 115 114 0.15536408584680828 2 1028 4 1781 3 1041 1 1360
719 -40.090195940536468 15.706061178428124 472.58082938628462 43 39 40 0.3840956204769872 2 2869 4 2924 3 2827 1 2331
178 -17.008170978742999 44.442272836119919 490.58424810394291 38 27 18 0.10283123287892597 2 1029 4 838 3 1042 1 405
756 21.235519616024455 79.618310669282963 453.17535501905553 81 68 54 0.17632086458543159 2 2945 4 3020 1 2662
215 -92.582749444494169 65.039929708551497 463.95835771086587 87 79 66 0.2063252979992157 2 1130 4 955 1 1451
768 -82.041131039561265 11.096556115334423 450.11560706379345 102 96 95 0.19480941348792613 2 2994 4 3090 1 2737
227 51.337648894751027 71.166746360674011 456.95161658989701 38 33 29 0.30390100067528952 2 1168 4 990 3 1203 1 539
769 52.601935471172148 14.427061321685494 400.97460869506438 19 20 23 0.2346612754868935 2 3003 4 3094 3 2953 1 2738
228 96.834001741558154 70.126344435126569 446.3358404082262 69 66 51 0.32960470229630379 2 1169 4 991 3 1208 1 543
770 101.94603191073415 20.973246214784641 486.75736743411625 75 68 49 1.3826471719112621 2 3005 4 2940 3 2956 1 2596
229 49.785930343656297 61.669732260683951 395.53590365561473 19 18 20 0.22772616318126793 2 1170 4 983 3 1205 1 526
771 -62.646346570489975 23.443470489907234 484.69539469933954 33 31 34 0.094243847384758953 2 3012 4 3098 3 2955 1 2746
772 -56.117419087553053 30.605059303008137 480.83367536864949 30 27 23 0.24435059260748224 2 3015 4 3102 3 2961 1 2752
231 -69.328851059082496 72.551344498928671 459.88398363675645 56 46 44 0.41476415427397956 2 1172 4 996 1 548
773 -56.117419087553053 30.605059303008137 480.83367536864949 30 27 23 0.24435059260748224 2 3016 4 3103 3 2962 1 2753
232 -69.328851059082496 72.551344498928671 459.88398363675645 56 46 44 0.41476415427397956 2 1173 4 997 1 549
774 59.168678183502863 29.205492687187888 419.90610500323032 110 113 117 0.48650777877264728 2 3019 4 3106 3 2868 1 2754
233 107.93421956281225 70.329648599669241 442.24840179269307 40 36 27 0.39869816288966842 2 1174 4 998 3 1211 1 545
775 -15.458895250651622 38.804425442107132 495.48878167223069 46 37 35 0.44898869420958143 2 3027 4 3109 3 2969 1 2758
776 -56.237526345955857 42.829701064297709 492.42699508600037 55 47 44 0.22497050408373587 2 3032 4 3113 3 2972 1 2760
235 -30.524043458957919 72.911452187720073 462.4610981340582 38 27 16 0.25982958859167415 2 1176 4 999 3 1200 1 546
777 -88.745664824067433 53.80150261771346 456.90809478644456 24 23 19 0.19599644744825581 2 3035 4 3115 1 2766
236 -4.9687001691308099 60.628186433935937 388.7834413036752 64 66 63 0.23168973349992089 2 1177 4 981 3 1201 1 525
778 60.83546799579068 48.039913195671311 400.52270935831643 47 54 64 0.35758708710806225 2 3036 4 3117 3 2979 1 2764
780 -23.213437316863395 61.388921267096777 472.39376317498454 40 29 27 0.33949503579933199 2 3042 4 2995 3 2981 1 2768
781 -68.603110657176103 63.887398095634204 468.90482925508263 68 65 54 0.5154844713021518 2 3044 4 3118 3 2984 1 2769
782 -84.828765967203822 65.540016145446856 461.46321410433302 100 97 92 0.18068761930352376 2 3045 4 3120 1 2770
241 95.896540189603627 73.39705180599168 444.45943071584298 107 97 86 0.4188650536078285 2 1185 4 1010 3 1224 1 556
785 -88.203006329044513 68.034843546792331 453.54713186595541 41 38 33 0.33529384428033238 2 3049 4 3123 1 2775
244 44.197639671759617 75.263085092921884 454.0172617060731 128 115 109 0.18164764783304269 2 1189 4 1017 1 561
786 52.093956283015743 60.998895682783036 397.98616145312963 17 17 19 0.30965535253966314 2 3051 4 3124 3 2991 1 2774
245 117.16959471336278 74.143203729204714 440.24550845208842 51 47 36 0.280481808180499 2 1190 4 1019 1 565
787 100.9887412061822 74.122603899247608 444.6875035095988 119 106 92 0.10608383340315784 2 3052 4 3127 1 2776
246 97.854037262543216 73.744716570078154 438.56071072994462 84 70 61 0.2944532938026429 2 1192 4 1018 1 564
789 1.2244587266421112 -12.850886660019183 396.13759130653341 68 66 26 0.6799355661533375 2 3067 4 3167 3 3058
248 104.58322132337 75.411562499381176 446.7220428735576 64 51 42 0.39808566188412825 2 1194 4 1893 1 1499
790 74.995965526897891 -6.0229861824192144 385.94761035549067 30 32 33 0.44560916636515796 2 3068 4 3179 3 3015
249 -52.312012480430006 76.8938951660881 456.39335217150477 91 80 74 0.26672297682134594 2 1195 4 1025 3 1225 1 572
792 15.046030800728781 -3.5626574146838745 385.42821294050287 81 87 99 0.97313201441715014 2 3072 4 3241 3 3017
794 1.1588016714350924 8.4129364572899004 390.89653614824044 86 90 65 0.49516211614126393 2 3078 4 3187 3 3020 1 2849
253 20.401446993796331 78.679118735678543 452.8859030458986 37 30 26 0.13501530258442834 2 1212 4 1035 1 584
795 -28.815954812892777 14.517060898451339 489.98567943300907 107 98 89 0.21351665896380129 2 3079 4 3190 3 3021 1 2851
254 40.231786943384684 78.534019149770202 451.20341787573778 68 62 51 0.081489536244204366 2 1214 4 1036 1 585
796 -28.815954812892777 14.517060898451339 489.98567943300907 107 98 89 0.21351665896380129 2 3080 4 3191 3 3022 1 2852
255 25.238351002931935 79.65891023097906 452.48388638866624 40 24 23 0.27706635886567749 2 1215 4 1905 1 1511
797 -80.327192307974428 19.35914790399741 491.90697531847189 88 83 71 1.603544564435226 2 3081 4 3247 3 3025 1 2913
798 11.058423359873244 20.34748096106344 486.83532893272394 25 21 19 1.2151457160836627 2 3082 4 3192 3 3026 1 2854
257 -23.505732515178625 80.392316279989828 455.27066792271029 49 37 28 0.11872043919676563 2 1218 4 1907 1 594
799 20.544173551606406 35.247294119052611 429.88498149934327 58 44 36 1.5989071286594947 2 3089 4 3112 3 3032 1 2623
258 74.651086729566913 78.440482234892954 442.04080021377951 39 40 22 0.19425223516937026 2 1219 4 1044 1 592
800 -89.122378984308256 61.076341455191113 461.72305398663201 42 38 28 0.20369279611000835 2 3095 4 3205 1 2866
259 -25.498809624459142 80.464646168811299 454.87716466384802 48 41 34 0.13639441749248024 2 1221 4 1046 1 596
802 -58.731659505919538 66.399477386122655 467.54935266835753 41 36 33 0.23052534999722238 2 3098 4 3208 3 3038 1 2868
804 1.0225159204079599 66.239334037869028 389.55991236627381 109 120 116 0.25077907197883864 2 3101 4 3209
263 45.668735710760693 81.095428765158417 448.24885400944862 112 100 90 0.13908897174649612 2 1228 4 1053 1 604
808 86.312690058311517 -7.1927002048660329 385.28050886481861 103 97 111 0.58417983219884595 2 3122 4 3177 3 3063
267 -22.168240777352707 82.815945672275959 450.92968133120729 112 105 87 0.078469192141733701 2 1240 4 1059 1 617
811 10.391325526611004 36.479571736909108 448.46678284588376 49 39 33 1.8057492796092642 2 3130 4 3278 3 3072 1 2916
813 -20.23835915183016 47.422492946037522 496.10457712083263 46 34 28 0.78549906457274909 2 3135 4 3201 3 3034 1 2863
815 49.994882143581101 47.910509198083581 395.74573894710727 24 23 22 0.43853135937198312 2 3138 4 3252 3 3077 1 2918
816 -29.199230428816037 63.870543659476198 468.69370806437922 56 46 40 0.81771091072050828 2 3139 4 3253 3 3078 1 2920
817 61.907791018689416 70.52353949200436 431.97051728436759 114 116 119 0.83924636771655259 2 3141 4 3254 3 3081 1 2921
709 6.1288231668325324 3.7238998955901854 392.32979427223353 125 133 131 0.40616455620001218 2 2854 4 3082 3 2816 1 2731
168 -49.593278204995386 39.906212179529831 494.20756953234917 82 73 68 0.078492481092917427 2 991 4 803 3 1011 1 379
966 113.42062158566171 60.707434890309038 447.81215474592847 119 103 97 0.45576432566482938 2 2931 4 2999 3 2888 1 2643
710 51.806102876170179 5.5375337646667022 456.16174997703899 111 101 91 0.62048911082778568 2 2855 4 2913 3 2817 1 2308
967 120.98219933332251 53.680252459947809 382.41250128393898 18 15 10 0.17691442083179973 4 3003 3 2891 1 2645
711 78.883195552985853 7.1923263050481649 481.59225150951562 94 91 82 0.48618370759807922 2 2856 4 2916 3 2818 1 2575
170 -57.247167442360585 41.004341812890793 497.68552832364634 38 34 25 0.34953872550576065 2 998 4 813 3 1013 1 384
968 -74.72343849368454 5.6376648357098107 484.42372606248381 104 94 85 0.26791443124864439 4 2912 3 2940 1 2573
712 116.50512410703195 9.0502179898012898 496.25442230967997 32 24 21 0.22943252337622638 2 2857 4 3089 3 2822 1 2736
171 -74.001906745176427 41.472160316242636 491.8066053065773 85 72 63 0.072756988984699858 2 1004 4 816 3 1015 1 392
969 122.98555769601339 26.305741081120583 432.99842277268374 37 36 32 0.89757692455618321 4 3101 3 2965 1 2751
714 15.885695590551142 9.8864952812685569 489.51977427375937 118 111 98 0.25499478734609926 2 2860 4 3088 3 2821 1 2735
173 16.646940055571612 34.912045602713633 418.19556374197219 105 101 105 1.6899894117767733 2 1008 4 799 1 373
971 118.47263260906783 63.239037556256278 436.7459056885088 107 95 79 0.465588215349167 4 3008 3 2987 1 2771
715 -54.227304399274637 14.067244243552823 477.55980973989938 118 109 94 0.68856812304301185 2 2864 4 2921 3 2826 1 2581
174 -13.005835029132248 42.751889585995293 492.18863639810877 37 28 25 0.082709756264503706 2 1013 4 830 3 1033 1 395
972 111.00528981686719 59.352343504126345 391.74115613550572 31 29 12 0.22989057273649668 4 3121 3 2988 1 2772
845 10.283706888417916 -0.79259545642186935 413.63555203666471 99 96 99 0.35933031423691397 4 433 3 641 1 1119
716 -78.488915480582534 14.019206035689004 453.99323961320971 41 35 35 0.23130779609815791 2 2866 4 2922 3 2825 1 2580
175 -20.492170823716794 44.057460030321657 492.09078052831956 51 36 31 0.092127837085884123 2 1022 4 833 3 1039 1 400
973 -34.362512452612542 63.371970583023263 412.34385426683463 45 35 26 0.45259278377941464 4 3125 3 2989 1 2651
717 82.516497488029046 15.77082743461094 506.62943940162285 90 86 75 0.50117359594838151 2 2867 4 2925 3 2831 1 2584
974 -34.362512452612542 63.371970583023263 412.34385426683463 45 35 26 0.45259278377941464 4 3126 3 2990 1 2652
847 -59.120311692471638 1.9897656936100252 480.02727771387828 35 34 32 0.15871807003124502 4 459 3 653 1 63
721 93.119951127605816 18.486736316685985 498.72542886053964 38 36 41 0.30876036582913086 2 2874 4 2928 3 2836 1 2590
978 7.243555009134333 1.8004792771614377 395.73376369280896 127 134 135 0.16289306072990875 2 1671 3 686 1 41
851 44.905222764045646 4.6540297370530901 517.8027924570456 97 87 80 0.3613655611138254 2 672 4 489 3 700 1 1164
979 113.16150595164552 0.8621989514881423 415.19625170486415 38 34 39 0.33688839732474168 2 643 3 689 1 54
723 80.47372220177067 19.35363682365622 506.24228894471554 58 42 32 0.80447380438182359 2 2876 4 2930 3 2843 1 2341
182 28.098356518360159 38.949115631409391 404.76933004373421 91 89 91 0.10901982588562477 2 1047 4 850 3 1063 1 407
980 -20.490135213609555 0.829270411896745 519.24449576666018 118 109 102 0.48239673335056726 2 626 3 642 1 58
724 84.357898872528864 18.921720630725311 499.78806200513202 52 39 31 0.25003832531315723 2 2877 4 2931 3 2844 1 2342
183 -0.5008481842799668 38.393240356750347 393.80551860196528 108 115 111 0.14859611882826337 2 1049 4 852 3 1064
981 -63.424645213562421 11.840223851343655 452.96457556915675 33 32 34 0.56690010052978457 2 777 3 761 1 145
725 84.357898872528864 18.921720630725311 499.78806200513202 52 39 31 0.25003832531315723 2 2878 4 2932 3 2845 1 2343
184 23.36660394651852 40.470785176107981 405.25171526319303 62 54 52 0.083683908685314015 2 1053 4 856 3 1072 1 413
982 38.9626301503665 13.18705352979782 489.34462803246106 82 80 83 0.60111869879624935 3 1702 4 573 1 157 2 1724
726 130.87199898421375 18.577827403721759 488.69259695364133 88 81 68 0.46917574449271815 2 2879 4 2695 3 2846 1 2347
983 -21.721987128283413 14.599532264157432 465.42257871068801 32 30 31 0.15058042037854805 3 805 1 179 2 799
727 130.87199898421375 18.577827403721759 488.69259695364133 88 81 68 0.46917574449271815 2 2880 4 2696 3 2847 1 2348
186 -16.012294899587513 51.425049325598494 489.93145145644576 58 54 43 0.29701659031162064 2 1056 4 1799 3 1878 1 426
984 -21.721987128283388 14.599532264157414 465.42257871068745 32 30 31 0.15058042037859143 2 800 3 806 1 180
857 92.273161907622239 14.05409699297423 497.02045055636586 99 89 80 0.36414356774363638 4 584 3 810 1 177
728 -6.9573085826414101 18.977676287467972 492.11552283263245 37 32 30 0.60900491269126633 2 2881 4 2694 3 2833 1 2338
187 47.126786155189265 41.606708599785975 397.60081145921981 39 42 57 0.094863487254138956 2 1057 4 861 3 1078 1 417
985 -78.505478208182069 17.219716079837486 450.48806831897582 25 21 18 0.32780030310738351 2 837 3 827 1 218
858 93.540350441372198 14.72574270786631 494.71342462140819 37 27 29 0.97644375218774837 4 585 3 821 1 190
729 28.327046587530113 21.502452694802194 540.07202776853796 95 88 90 0.32667260221954647 2 2883 4 3097 3 2840 1 2742
188 -17.202749689124079 51.797480898900716 483.55352793110438 121 114 98 0.11069756373003971 2 1059 4 866 3 1076 1 427
986 -10.717042264525769 18.836229979555405 507.44636653704197 56 43 37 0.257681730736673 3 838 1 224 2 1756
730 31.636311032123942 19.478462045472618 489.67324019830249 97 94 85 0.62107696861823292 2 2884 4 2699 3 2841 1 2340
189 45.347425504268273 42.249591012700641 397.04323343588766 91 86 83 0.14292686302437374 2 1060 4 863 3 1082 1 419
987 128.75538195481406 19.898035107548523 492.80859366171228 33 29 27 1.3321112581111156 2 840 3 871 1 243
731 -59.4697344655495 20.446232020190507 499.18762403530076 99 98 98 0.11258669984879346 2 2886 4 2935 3 2835 1 2593
190 -53.497063519735491 52.67471514614072 480.46180181317874 101 93 74 0.11133153480990404 2 1063 4 868 3 1079 1 433
988 58.470744080762458 27.817536103177492 499.13905556540465 43 35 32 0.27425513514884381 2 895 4 696 1 292 3 918
861 0.52162848670863093 13.95749998887592 394.88343901495131 100 104 89 0.12128866034136732 4 597 3 845 1 168
732 -32.743517808118781 25.432224405475448 507.43153859234542 89 82 73 2.3860461341098014 2 2890 4 2949 3 2852 1 2359
191 60.237109535331832 42.603332245015096 393.07504306024941 48 56 70 0.11801001901635763 2 1064 4 864 3 1086 1 424
989 48.896259016784214 33.127937338710318 412.77072612121725 22 16 16 0.10536405249018577 2 994 3 1020 1 362
862 -84.740630032986985 23.260403356129707 500.01428241007585 87 83 80 0.22382886714220507 4 657 3 866 1 1272
733 -32.743517808118781 25.432224405475448 507.43153859234542 89 82 73 2.3860461341098014 2 2891 4 2950 3 2853 1 2360
192 -26.284134714378659 53.402960765459774 479.28784366370462 107 101 82 0.039443311062848811 2 1065 4 872 3 1083 1 437
990 -73.950272436387792 43.364694356988259 490.82125796180799 39 33 30 0.1556763407387951 2 1014 3 1029 1 399
991 -0.89252175968162817 53.600659041802672 388.15397622376287 122 133 135 0.12874426922056706 2 1133 3 1156 1 489
992 32.117132454480426 62.806414358496546 468.79199254030431 48 32 19 0.25573108144973616 2 1120 3 1142 1 491
865 17.629274694486902 26.792060015021022 471.16665718175153 102 101 109 0.11550755463006533 4 695 3 919 1 288
736 -76.933049465939263 28.829311465752397 501.59930881417887 90 84 68 0.11628799351207295 2 2898 4 2957 3 2859 1 2606
195 -44.998762966354093 54.660569541535047 480.31817142284643 107 98 90 0.15865306144047697 2 1068 4 876 3 1089 1 440
993 -53.416790648722156 68.449707899154177 466.06041037764015 62 56 47 0.23731071139013202 2 1150 3 1163 1 519
994 -53.416790648722156 68.449707899154177 466.06041037764015 62 56 47 0.23731071139013202 2 1151 3 1164 1 520
867 93.709403153501967 27.833403061976771 414.65474773127841 31 27 19 0.50388323643393496 2 942 4 743 3 973 1 325
755 -31.814102830110706 66.42233790834797 383.93579378717328 121 141 168 0.28668893014688285 2 2942 4 3019 1 2659
214 -85.266653496216833 63.56404281954336 455.79621559175342 90 89 90 0.20685202528340585 2 1128 4 950 1 504
1012 124.44528186808472 19.62813401559513 494.63854461606877 99 93 79 0.73182687274518587 2 2649 3 2634 1 2350
885 48.947006944745318 56.794864252142695 395.71389607973697 65 50 34 0.17691837571294564 4 959 3 1172 1 502
344 -83.922594732274064 8.602708159552714 456.57446471556011 138 137 142 0.098328050807570636 2 1701 4 1588 1 1183
1014 -54.674204598817013 25.095320697869266 535.97865344522813 47 36 30 1.7272204560370101 3 2637 4 2708 1 2356 2 2659
1015 -82.849875606158122 26.358413990720095 457.57213278427338 24 16 11 0.30511084387043075 2 2349 1 2366 3 2335
631 -30.728554803208169 5.3899878317230616 503.89299508749133 66 58 60 1.2219231646000099 2 2613 4 2253 3 2263 1 1867
888 71.575439891993739 70.286280594755837 446.55947600703746 106 96 81 0.24296981397123818 4 992 3 1206 1 544
957 93.05111351132831 67.950425919368371 443.88875954936566 89 85 72 0.71176454286581126 2 2736 4 3011 3 2721 1 2422
416 -32.543748213632206 55.323588686531387 480.20688292331192 70 64 48 0.24393184093436177 2 1904 4 1814 3 1894 1 445
1016 -32.749619842100799 60.066312615806297 489.86256703893866 102 101 93 0.1940942412032646 2 2708 3 2694 1 2401
632 -39.585016925943052 6.5354294626112823 462.7319905191269 28 24 22 0.34227721023959923 2 2619 4 2658 3 2598 1 2313
91 95.059997352713225 11.496451411054146 490.58769408449353 25 20 17 0.28423596381084038 2 759 4 557 3 775 1 1204
889 113.6916091033186 62.948019019654446 384.08180435006244 114 114 114 0.127941842698818 4 1004 3 1221 1 547
348 87.847832824664863 10.239176310041445 506.42478566270518 79 73 77 0.42180196973290268 2 1708 4 1601 3 1691 1 1194
1017 77.917559601763031 16.307750811939961 514.57686128934949 96 79 75 0.40190604759166054 2 2645 3 2623 1 2586
1018 100.93640072498661 18.124156358538716 503.62657726412368 57 48 45 0.88242182117619716 2 2871 3 2837 1 2591
1019 100.93640072498661 18.124156358538716 503.62657726412368 57 48 45 0.88242182117619716 2 2872 3 2838 1 2592
961 -79.615695364824944 32.422692685894127 487.69675493559305 38 31 30 0.59540642030789059 4 2962 3 2863 1 2613
420 -57.149583166603655 58.662462287978038 476.07578865233114 52 50 38 0.15881720166613861 2 1918 4 1829 3 1908 1 1417
834 11.201613178684768 65.719318423420006 469.93687130521579 46 33 26 0.85975366347315418 2 3203 4 3311 1 2987
1020 9.0701811505157899 24.546410734130337 462.46976728841952 43 38 30 0.54313556602658897 2 2669 3 2645 1 2601
962 59.168678183502841 29.205492687187871 419.90610500323015 112 116 118 0.48650777877267692 2 3020 4 3107 3 2869 1 2755
1021 -8.0703650774218421 37.145952168154288 473.84504432215823 42 34 31 1.4599711848128072 2 3028 3 2970 4 2731 1 2621
894 -0.69796321139045103 -8.0254282359889935 394.3504116253788 99 104 98 0.27347923256644119 2 1624 4 360 3 1608
353 -36.203845421172772 13.558576428824891 461.35070698949272 122 121 124 0.23515204341174745 2 1734 4 1621 3 1705 1 1208
706 -77.493565093131821 1.8073439891589107 461.13763166733639 55 44 48 0.77532818826425542 2 2849 4 2911 3 2938 1 2569
963 34.593896807271356 52.956135669736796 447.76291312630792 76 80 87 0.72956850701472387 4 3116 3 2878 1 2765
765 38.025055338699318 -4.0327693752141611 382.9691995436487 93 88 93 0.039120191774278348 2 2989 4 3182
224 98.73846356794644 69.865523016993293 448.99616556585119 31 34 17 0.16750591627229552 2 1162 4 985 1 538
1022 40.164481545777001 45.566465246445681 354.12929107641656 74 62 55 0.38480295588503893 2 2928 1 2635 3 2884
1023 -13.238282090489804 27.870114891505871 494.55697387171813 52 43 41 0.16004416564903681 2 2899 3 2860 1 2749
639 96.330176715038448 14.105265904748807 491.92159489892089 103 99 88 1.5621714255797152 2 2639 4 2679 3 2619 1 2327
98 81.583729425351379 13.34049927130596 504.17459138183426 53 41 35 0.2998862492464025 2 778 4 574 3 789 1 162
896 119.95534979207963 5.8673141093587287 417.0218311535869 31 28 26 0.14037425709733276 4 512 3 1686 1 98
754 -85.252608286021371 76.751129910874639 453.96286650810674 24 24 17 0.20979173257770323 2 2941 4 3018 1 2661
1011 92.605827075185346 60.538039417248022 463.28790921036131 39 25 22 0.17112761806455576 2 2416 3 2409 1 1987
708 56.014181305964321 1.0378705360284974 394.9005758053471 82 81 77 0.46041554910260829 2 2851 4 2909 3 2594
167 -57.789821118650075 39.312563259050826 494.82026443023307 79 73 60 0.084853855554667179 2 987 4 797 3 1010 1 375
965 120.43794773572904 51.092632816079046 386.5063587815265 20 12 9 0.13437979213419052 4 2994 3 2887 1 2639
1024 -36.028196214362914 22.799948949641696 521.68320655704872 55 43 35 2.361131234502643 2 2655 3 2630 1 2353
640 -85.768413276703967 13.436473169344302 454.3722410849121 50 47 41 0.15071585004079513 2 2641 4 2678 1 2326
897 105.29031889487715 10.828864607155971 503.69081687164083 61 48 39 0.59834445611246656 2 1710 4 1606 3 1697 1 1203
995 107.6235864810381 67.502630637602763 437.18878380404391 51 50 43 0.42471327117321772 2 1160 3 1195 1 529
868 100.11924828813025 28.498274811986555 411.56591078697483 135 138 147 0.066646634514042416 4 750 3 988 1 330
327 -1.5710335883559488 -5.8144245293311281 395.75461690154992 100 105 104 0.26529411747271825 2 1631 4 1503 3 1614
753 -81.039776269502823 72.7082510686554 456.88463405300763 25 24 22 0.08322685365951453 2 2937 4 3016 1 2656
212 120.58622200961094 61.211572238506562 449.73384240479811 42 34 31 0.40056021089098021 2 1121 4 944 3 1150 1 497
1010 79.040596615995923 12.96117772704098 506.49621786028456 55 47 44 1.1268008801561875 2 2303 3 2294 1 1887
1009 -6.5577436304667227 62.267142145046435 394.63455172602374 80 82 79 0.44194676045903475 3 1990 1 1474 2 1995
751 92.663884762975243 65.995785678224976 457.91044898114887 53 40 35 0.31076646164830873 2 2935 4 3007 3 2895 1 2649
210 -73.152330911578701 62.797126780836585 469.62245557553177 49 42 31 0.27576488589452708 2 1115 4 938 3 1937 1 492
1008 41.779136014383738 70.514981643249698 458.743235810052 73 59 50 0.32590432936874308 2 2447 3 2442 1 1473
624 55.639901269530604 -7.4221476069622261 390.39370443743712 94 90 93 0.12773832769600724 2 2588 4 2638
83 84.154193343382929 7.6375705468962405 492.73177923502465 34 32 36 0.27786180944912048 2 711 4 521 3 738 1 119
881 -21.718293797194242 65.911971168975413 468.33805959711395 84 78 81 0.10148507573381038 4 958 3 1157 1 511
340 -69.831853222893187 4.9130434896766406 480.4381454922584 35 32 27 0.12114739429448548 2 1677 4 1566 3 1654 1 1162
750 16.722843331725308 65.317888801764298 467.39127629254011 40 31 23 0.256809861042673 2 2933 4 3004 3 2890 1 2647
209 -45.031292583607595 62.84164966198162 473.16854774771201 91 88 73 0.15961050603981086 2 1113 4 935 3 1135 1 490
1007 43.891842299959009 67.69174751375283 463.8821265848282 71 54 46 0.29315621290887933 2 1973 3 1967 1 1461
749 113.42062158566171 60.707434890309045 447.81215474592852 86 65 64 0.45576432566480335 2 2932 4 3000 3 2889 1 2644
1006 115.87467520225081 62.767539773003719 446.30682436325054 63 55 47 0.35611652866106325 2 1957 3 1960 1 1446
879 154.52749492317125 59.392965661710171 435.22347906939297 74 65 58 0.12546368622318452 4 942 3 1149 1 495
338 -34.389936348387394 1.8896829103962678 462.64805765260871 25 16 13 0.43448488289914083 2 1668 4 1553 3 1643 1 1143
748 20.160805155248717 61.365002299557425 466.30688323955633 119 117 116 0.1615997974035942 2 2930 4 2997 3 2886 1 2642
207 -56.944975835586845 62.133665239779162 473.79224289514519 104 101 91 0.12090463391363962 2 1111 4 930 3 1129 1 483
1005 132.06691235996013 59.274037951844022 442.56849716690431 49 46 30 0.22393223931761977 3 2413 4 1844 1 1440
747 20.160805155248717 61.365002299557425 466.30688323955633 119 117 116 0.1615997974035942 2 2929 4 2996 3 2885 1 2641
206 103.30981118582082 60.670718248134804 463.37999374415244 74 64 65 0.15144817627132678 2 1107 4 927 1 480
1004 46.132818520855423 54.203611290938163 399.0478370893731 83 69 63 0.38782972714350289 2 1954 3 1950 1 1434
877 -35.290495170155459 60.368002711677867 462.18781564225992 119 118 126 0.048026499686555917 4 926 3 1132 1 479
336 -66.984246582477482 0.80641763453557713 455.44912836641697 35 34 27 0.42317916582115211 2 1662 4 444 3 1635 1 1139
746 7.1739464747374431 58.548878754436544 472.62086951041852 45 37 33 1.3653958580589649 2 2922 4 2993 3 2879 1 2637
205 -85.154716620129562 58.767721550871059 455.93331819776597 36 35 12 0.18264162451339647 2 1105 4 918 1 476
1003 46.132818520855423 54.203611290938163 399.0478370893731 83 69 63 0.38782972714350289 2 1953 3 1949 1 1433
876 -66.701296802482773 61.740503927548524 470.55800051452815 58 51 38 0.11972528097824892 4 929 3 1128 1 488
745 -38.658003538280219 50.374954975406787 466.37040480282144 46 39 35 0.15298270955022961 2 2919 4 2985 3 2874 1 2630
204 -19.525361123422307 60.395471481366158 475.93304892890274 34 24 19 0.019652803467295425 2 1102 4 910 1 470
1002 80.05874885260971 44.807824370913487 380.1675334951093 88 85 88 0.7497490532789437 2 1912 3 1907 4 1811 1 1390
875 130.32810099725083 57.078345985848465 449.33493858069443 48 43 24 0.1041514226496012 4 908 3 1127 1 469
744 90.480519785561029 41.339809622840249 394.48070011262763 85 80 74 0.27037866069224992 2 2918 4 2746 3 2690 1 1958
203 20.211753535581646 57.690403165835747 468.30235653403849 96 92 89 0.17036994453107118 2 1098 4 901 3 1116 1 464
1001 79.240316635677232 45.48308231806174 387.93356973980872 98 96 101 0.372483649843737 2 1910 3 1107 4 1810 1 1389
874 12.998314442750274 59.103545880282127 473.9945271665577 26 19 15 0.14216432185208494 4 904 3 1119 1 467
743 -88.556498254162506 45.988387916526115 455.62784814273357 36 33 27 0.22190913461584053 2 2917 4 2981 1 2629
202 -49.918808501666675 58.571346628397741 475.5576109670593 39 40 32 0.23298369467978286 2 1096 4 1830 3 1911 1 1416
1000 13.469681100666204 43.626360434340448 403.28451069686872 37 34 14 0.65190299254080619 2 2399 3 2387 1 1382
999 -88.603625214066881 40.190382819021352 490.09815631612139 45 44 33 0.3380952066371975 2 1864 3 1836 4 2346 1 1346
872 120.28949743914546 33.086981551121866 380.53743520244143 21 15 15 0.058584009356523165 4 821 3 1045 1 380
331 73.29431149274555 -3.5860120508446141 389.11085273009064 96 95 99 0.51114130026308879 2 1640 4 2235 3 1628
998 59.797714802724492 27.288476503156637 411.04041934767804 52 44 40 0.084415647295253568 2 1831 3 968 1 1307
740 15.3488937970283 31.258461244887826 469.96549450740309 30 25 21 0.18389057419553362 2 2907 4 2963 3 2864 1 2608
199 -13.505393795566379 55.920395986290195 479.30401722746745 74 64 52 0.09270935184107032 2 1079 4 889 3 1100 1 450
997 -34.411154232602335 1.9208908680746113 462.28945379747643 21 13 11 0.28634602291182992 2 1667 3 1642 1 1142
739 -75.579948148746439 33.724162487672061 516.07372205370189 49 39 30 0.41142559724858724 2 2903 4 3104 3 2964 1 2756
198 -22.556037094626731 55.902828246726919 478.9876495269321 123 110 98 0.12882657167233955 2 1078 4 888 3 1099 1 449
996 37.853161318912036 71.009955254896937 457.97326606860491 95 79 68 0.31258881608073191 2 1163 3 1196 1 536
869 100.11924828813025 28.498274811986555 411.56591078697483 135 138 147 0.066646634514042416 4 751 3 989 1 331
955 126.21604859528532 33.98204184628846 379.57489028927938 15 10 7 0.25144855265065469 4 2741 3 2679 1 2386
414 -27.425987015807866 55.123620235147307 481.60278594363785 73 70 53 0.26029845375566685 2 1902 4 1812 3 1891 1 1402
828 -48.206412830580071 45.567038753320737 488.29511064083363 48 36 30 0.55688282476831585 2 3197 1 2978 3 3124
954 117.21010304731556 31.372784195157006 410.62317563674986 137 139 152 0.77280788751266627 4 2730 3 2663 1 2384
413 -49.104721819212088 53.798924898575386 480.7730232406459 95 87 74 0.086319556506025463 2 1901 4 1805 3 1886 1 1391
827 49.040030422936489 6.8925173961584276 386.68385509893619 22 23 27 0.37115042968465567 2 3196 4 3320 3 3122
953 14.618264621370278 27.124452340190349 464.9533281140591 38 34 33 0.12774447288040791 4 2719 3 2653 1 2368
412 -13.419025049390887 52.727950958617605 481.96701783131499 51 48 24 0.098725896160975254 2 1898 4 869 3 1883 1 432
826 -30.521766550849541 55.775209591947565 475.51849224815066 96 90 78 0.9827829434366 2 3183 4 3296 3 3114 1 2965
948 102.48191505027924 17.727101227786747 495.63104786147665 66 57 54 0.52737816517147251 4 2689 3 2629 1 2336
407 -35.697525168343475 45.259442103878044 466.79786850881305 106 103 103 0.050750951325503821 2 1887 4 1793 3 1868 1 1370
821 -17.093442029597693 53.758757561408189 466.96241032363173 97 86 79 1.8848475977434593 2 3166 4 3280 3 3101 1 2950
688 80.135992622952642 71.025795161755553 437.07777385812398 106 98 85 0.2173521994317483 2 2744 4 3017 1 2657
945 87.844987676935887 70.571366078321844 442.9009108518556 138 125 112 0.39243314755522785 4 2435 3 2444 1 1480
404 -35.549785874829119 45.78934452613543 487.16971587910234 43 34 28 0.3375947745035367 2 1883 4 1787 3 1866 1 1367
686 -51.962277074483794 74.481440700542294 458.66095563348779 33 19 11 0.27706828026815844 2 2742 4 2782 3 2728 1 2429
145 -0.2676649683821628 25.239448472444643 391.85101951805439 114 123 127 0.1554340305642746 2 936 4 716 3 948 1 299
943 116.64633009374649 61.059473574298536 399.45480997751213 109 112 105 0.11227859307886075 4 2425 3 2440 1 1466
402 54.246260194678854 35.098953861752214 398.74234407595617 83 86 67 0.14868312290770952 2 1880 4 1769 3 1862 1 1345
685 -51.962277074483794 74.481440700542294 458.66095563348779 33 19 11 0.27706828026815844 2 2741 4 2781 3 2727 1 2428
144 75.111359313665957 27.03658553976916 418.59405808529675 35 27 20 0.65480268678436293 2 934 4 1721 3 1811 1 1931
942 123.83429123627317 57.508330986785026 386.5279967116648 22 15 12 0.25869922393597117 4 2417 3 2435 1 2001
401 52.655416917453344 34.542571305078496 399.48511166951778 4 3 6 0.049944728907889126 2 1878 4 1764 3 1859 1 1342
684 100.57833585692464 70.289800922835184 444.1822926622757 19 22 12 0.30238483375699265 2 2740 4 2779 3 2725 1 2425
143 66.183616883755178 26.64754293914455 413.74621880417448 111 110 115 0.16390947201017558 2 933 4 729 3 957 1 312
941 154.50625783127342 60.632807271370368 425.51112363235535 110 97 85 0.6147901726127184 4 1852 3 2421 1 1450
683 70.355628977724393 70.953786473365355 451.62661032536806 65 60 57 0.27402409725592397 2 2739 4 2778 3 2724 1 2424
940 154.50625783127342 60.632807271370368 425.51112363235535 110 97 85 0.6147901726127184 4 1851 3 2420 1 1449
399 -59.898350378163663 42.300504208444586 488.29427795262217 111 109 112 0.080981169228037789 2 1873 4 1774 1 1356
682 73.488429978140886 69.012389812407761 452.75766341478277 89 82 72 0.29915239951991546 2 2735 4 2775 3 2719 1 2421
141 -18.091050719365185 32.413344939498373 500.13602700046124 79 74 67 0.11268905644048506 2 929 4 739 3 944 1 329
939 38.959347765996988 62.87508638599877 463.04779466290591 55 40 27 0.40787253140020274 4 2404 3 2414 1 1994
398 -76.897078243292327 42.89782044324118 491.2720292731683 79 69 67 0.17313226034012211 2 1872 4 1776 3 1847 1 1358
681 -3.1274580862918722 56.404981231675336 389.30302316016719 74 76 74 0.21784396743357912 2 2729 4 2771 3 2716 1 2408
140 85.335879933267478 26.218998554694327 413.25051335025978 27 26 22 0.24130191222509348 2 928 4 721 3 951 1 1303
938 119.71140529883863 59.615786711116257 450.8938511368022 112 98 87 0.1938405943714275 2 1945 4 2399 3 2411 1 1989
397 -19.770500128314691 42.066033040051074 490.79275311197648 97 94 94 0.073851726907821172 2 1870 4 1772 3 1851 1 1355
678 95.019703827312469 63.520941334280764 454.03592735038444 74 68 61 0.29038067111659016 2 2724 4 2767 3 2713 1 2410
137 -83.529729754889104 28.789700575886794 454.18448410557761 124 119 116 0.18062273455937916 2 924 4 722 3 929 1 321
935 13.642414874404023 43.860262649052011 405.59243362855005 42 36 25 0.92946371668875516 2 2398 4 2373 3 2386 1 1381
675 119.28267978815541 61.785442250049911 447.13766394782027 53 46 38 0.27091902897546205 2 2721 4 2764 3 2710 1 2405
134 12.502549358597047 28.843096874145353 468.82768322379962 93 88 89 0.29255520321465434 2 919 4 717 3 933 1 1305
932 -68.891834060739313 24.319967413838324 491.77812176395258 50 45 45 0.19663529891765821 2 2341 4 2311 3 2326 1 1921
391 -19.177665487653115 38.019869077134096 476.18845191670965 96 94 95 0.20475933721011721 2 1856 4 1757 3 1837 1 1338
673 96.713434700077158 60.965127489426706 462.58268470988929 25 16 12 0.24636741648540519 2 2715 4 2762 3 2702 1 2403
132 84.058733606923028 24.902279617259811 413.15331401847118 118 117 125 0.14807564820486102 2 916 4 704 3 942 1 293
930 -29.017708425543777 12.63309748859653 473.87278001698826 119 108 101 1.0712147173794657 2 2305 4 1619 3 2290 1 1206
389 101.7581299721769 31.372295785777624 404.4094326026127 21 17 14 0.39631971669044608 2 1851 4 1749 3 1842 1 1329
929 -67.469286451284944 7.421837795824521 481.3017868510446 96 92 92 0.8331593881695385 4 1580 3 2269 1 1174
388 75.874528482265475 36.738017350845958 483.0377162645197 59 43 34 0.22689112321451116 2 1847 4 2342 3 2359 1 1946
665 -62.736693453583946 47.371632957402092 495.53805509110572 34 27 19 0.087396389244676617 2 2699 4 2744 3 2678 1 2393
124 -61.95816973523258 26.162990470336432 487.51788702382834 38 37 34 0.16018200533648722 2 887 4 678 3 898 1 282
922 47.132559676583945 58.248943946388337 394.68190449492147 22 21 19 0.25644375788057 4 1861 3 1974 1 1454
381 89.928834769487281 27.154955664014818 412.54977138529472 20 16 10 0.26825183665160113 2 1830 4 1725 3 1814 1 1308
660 -78.03888042268909 32.417140839613147 496.3251934387971 48 33 26 0.61406518063770599 2 2682 4 2324 3 2658 1 1317
119 12.348301187062086 24.232150987947673 495.8744096953539 95 90 94 0.15671469948662495 2 867 4 664 3 887 1 1274
917 126.76050360007889 59.010567783626669 440.28384368127121 58 51 41 1.1791110887680518 4 933 3 1946 1 1438
376 -87.777336850515326 26.974366997627431 454.34686639654092 29 24 18 0.11055619871608273 2 1814 4 1707 1 1298
659 -44.664152831679722 29.959983576245378 477.43289038745917 45 40 37 0.16517504390231483 2 2678 4 2725 3 2657 1 2375
118 19.807961601624445 22.491149015644432 468.74372998385269 94 91 96 0.79697667786199788 2 862 4 1681 3 1766 1 1269
916 126.76050360007889 59.010567783626669 440.28384368127121 58 51 41 1.1791110887680518 4 932 3 1945 1 1437
375 40.439548310937042 28.74546742900726 485.59630781058092 15 13 9 0.35593682195468013 2 1812 4 706 3 1794 1 306
915 150.14257483713303 56.90546164435731 431.67097532048217 24 20 14 0.16530935377317033 4 2396 3 1942 1 1985
374 -91.67137990942723 27.127202845099333 464.63974450708668 46 39 32 0.29655360084214721 2 1811 4 1706 1 1295
657 -86.338810961363833 27.814696989302682 454.85550533902364 25 18 11 0.4672941283189786 2 2676 4 2961 1 2371
914 150.14257483713303 56.90546164435731 431.67097532048217 24 20 14 0.16530935377317033 4 2395 3 1941 1 1984
373 11.8350593388083 25.789724017466995 455.03677547404453 95 93 95 0.40107992322824282 2 1810 4 1700 3 1790 1 1288
656 -36.703763494551247 26.896018493303664 446.54754589558848 43 38 37 0.7844078727903655 2 2675 4 2717 3 2652 1 2369
115 -60.350628339309097 20.454937994362922 478.24101874530265 34 32 33 0.19247612560155006 2 851 4 644 3 859 1 238
913 127.72090844552051 58.976536558610427 450.33971683326592 110 110 100 0.45626467094045875 4 2394 3 1940 1 1983
372 53.144348750817777 27.934197562163011 500.40488116234673 54 46 43 0.27566333861485165 2 1806 4 1704 3 1789 1 1292
655 -25.490460497062351 28.701965547496325 487.35526267829846 60 46 40 0.76512126490089472 2 2674 4 2718 3 2651 1 2370
114 -60.350628339309097 20.454937994362922 478.24101874530265 34 32 33 0.19247612560155006 2 850 4 643 3 858 1 237
912 130.83437121405768 57.885892590417598 445.49396879396329 121 110 93 0.25412635106725207 4 1840 3 1935 1 1429
371 0.11797538498956506 20.626879767967893 392.4333997122265 85 91 79 0.23015000960424573 2 1804 4 1688 3 1780 1 1267
654 -69.63272231645351 28.918711714759976 494.38854381183143 87 88 90 0.085907656351077943 2 2672 4 2716 3 2648 1 2374
113 -83.208817851851535 19.185817648148927 452.96508120510293 134 132 138 0.16698448601630778 2 849 4 638 3 854 1 231
911 130.83437121405768 57.885892590417598 445.49396879396329 121 110 93 0.25412635106725207 4 1839 3 1934 1 1428
653 -69.63272231645351 28.918711714759976 494.38854381183143 87 88 90 0.085907656351077943 2 2671 4 2715 3 2647 1 2373
910 -47.730762407246125 60.823983827608153 470.59681217281985 24 22 16 0.023647684371967292 4 922 3 1926 1 1432
369 37.446000314704335 26.792846547678245 499.7273026806929 94 85 77 0.30755677787699581 2 1802 4 1697 3 1785 1 1287
651 53.854311967088975 25.574519751347388 501.64594042037595 90 80 67 0.23558112536654174 2 2667 4 2711 3 2644 1 2362
110 -83.7295210973422 17.600060434791715 456.09316402694304 35 29 27 0.21420664892068425 2 835 4 619 3 830 1 222
908 115.71901410566582 32.970513034294385 381.14775124870192 22 18 14 0.097890105546391368 4 1765 3 1861 1 377
367 -75.235970688815769 24.264105601737498 505.34813749512301 50 40 32 0.37792871154014296 2 1790 4 1682 3 1756 1 1273
649 -86.623118062062588 23.01021731282545 454.88470973131473 46 42 42 0.6509111696495623 2 2664 4 2706 1 2357
906 126.83669998146431 24.899269041189633 366.99551087756049 12 10 10 0.254358401353801 4 741 3 1818 1 319
365 -8.5670873752922194 21.858926245821014 490.13658888338256 102 91 80 0.42744115714785169 2 1782 4 1674 3 1754 1 248
904 -19.82776278455 33.757907168236649 492.5106837884839 89 86 87 0.085727450246722015 2 1834 4 1736 3 1810 1 1935
646 -79.57829747048936 19.239856389825473 457.26711569629407 35 27 22 0.36068479311962148 2 2654 4 2934 3 2628 1 2345
105 17.903610686328761 17.736713937863236 511.05616371714535 44 35 26 0.44633378435804677 2 815 4 1649 3 826 1 1238
903 133.61211115669968 21.726504849996441 469.31038168583478 22 23 12 0.33709957137247321 4 1680 3 1769 1 1270
645 -79.57829747048936 19.239856389825473 457.26711569629407 35 27 22 0.36068479311962148 2 2653 4 2933 3 2627 1 2344
902 119.57047497938299 12.969150125753281 416.80463370377834 30 28 23 0.35313577496213117 4 1631 3 1736 1 1213
361 91.414531614844606 19.992175718550321 486.62792311718061 31 26 23 0.19700776903094833 2 1766 4 1668 3 1751 1 1255
644 71.745954477248318 19.580694585726526 487.02340478550275 62 50 43 0.70308653458739667 2 2651 4 2937 3 2631 1 2346
103 -70.454477804200309 16.732133945722921 501.23717359566649 104 100 94 0.10045148691720347 2 809 4 604 3 803 1 203
901 -36.10798649046513 16.560245533643922 463.37708850919381 117 116 119 0.18486678868519543 4 1647 3 1731 1 1232
360 -59.337983419241567 18.08532242637278 457.79861630425171 106 103 108 0.61784034302748225 2 1764 4 2294 3 1739 1 1902
643 115.88148317232435 15.400328634062909 466.58730719685792 52 43 39 1.0838378909832891 2 2648 4 2927 3 2626 1 2588
102 90.499121350265682 16.435171089066436 498.71746638494176 90 82 78 0.27721044682317492 2 804 4 607 3 828 1 204
900 121.85517569450695 10.154230428125894 420.32134568865808 42 41 38 0.44369876684277659 4 1615 3 1709 1 1199
359 127.83603244482273 17.930510850565248 465.84116236557941 20 19 14 0.62482264050030234 2 1760 4 1659 3 1749 1 1247
641 86.835251059519919 15.437266383108003 505.12482902851929 97 91 83 0.45645094823682714 2 2642 4 2682 3 2620 1 2332
100 -38.06786585813618 12.431435871892308 465.00389015514008 61 58 61 0.17108638692526693 2 782 4 564 3 771 1 150
898 101.63850385148226 11.735231724359009 501.72355484789477 54 43 41 0.58067196518570097 2 754 4 1613 3 1700 1 152
357 -83.086055002295382 15.530242288975659 451.84933428744688 139 136 143 0.10412851156041121 2 1747 4 1638 1 1227
833 -54.411795622263298 57.927224571400167 478.28957743190136 80 76 64 0.40850615968109166 2 3202 4 3308 1 2985
832 -54.411795622263298 57.927224571400167 478.28957743190136 80 76 64 0.40850615968109166 2 3201 4 3307 1 2984
831 43.904043199535629 41.918193072722076 412.14637338753153 79 73 74 1.5338468256894067 2 3200 4 3294 3 3128 1 2963
825 -30.521766550849541 55.775209591947565 475.51849224815066 96 90 78 0.9827829434366 2 3182 4 3295 3 3113 1 2964
823 -11.834446475487953 43.68418883948037 496.09625276557864 43 34 32 1.6176223923698769 2 3179 4 3291 3 3111 1 2962
822 -46.363906993884768 77.091806762456457 465.27864362127832 46 32 24 0.82451396239440744 2 3170 4 3282 1 2953
820 -17.093442029597693 53.758757561408189 466.96241032363173 97 86 79 1.8848475977434593 2 3165 4 3279 3 3100 1 2949
623 55.639901269530604 -7.4221476069622261 390.39370443743712 94 90 93 0.12773832769600724 2 2587 4 2637
82 -83.330348910288194 6.3472361795266616 454.93042558357382 31 23 17 0.086407412749098411 2 705 4 504 1 100
607 65.966402794234995 78.023358008867135 447.31761381613336 61 54 46 0.5447359471117903 2 2465 4 2787 1 2037
606 2.2019967333135129 65.415048803878761 386.00018376600167 112 122 121 0.51263873824701411 2 2461 4 2445 1 1486 2 2013
603 69.359590553414904 75.231137700137012 448.62559573835591 35 30 25 0.18472488840783421 2 2458 4 2444 1 2028
602 14.649497342398883 76.131433384590935 460.78964809581419 48 38 30 0.1301605561127579 2 2455 4 2443 1 2027
61 83.950657232581676 -3.518049413037633 387.19177115530658 85 89 100 0.43854091918929811 2 582 4 401 3 627
601 11.136182540791197 75.39812823031022 456.87467320825829 58 44 34 0.23099715106465213 2 2454 4 2442 1 2026
60 67.029943801884372 -3.8010638911712151 389.74338266053456 91 90 93 0.02974695289862447 2 577 4 395
600 33.765140618840164 75.357989813642817 458.77973553465364 55 46 38 0.024144914907845486 2 2453 4 1882 1 1487
599 7.4544977412504716 74.809758055947611 459.79303463079833 57 47 45 0.29955927136124277 2 2452 4 2441 3 2450 1 2025
598 -21.613982280194008 73.803374542175661 466.15235440124093 35 25 15 0.37972333237854999 2 2451 4 2436 3 2443 1 2020
597 115.26250826331844 69.936549711846695 437.8634230240387 15 12 5 0.29015230920761992 2 2450 4 2433 3 2445 1 2018
596 31.208537242962592 70.723035611472852 462.15330270449715 41 32 28 0.25828224146172224 2 2446 4 2426 3 2441 1 2011
595 -84.298116111928039 70.363822852431923 455.31642638099555 102 98 97 0.17409891431380387 2 2445 4 2428 1 2014
594 -84.298116111928039 70.363822852431923 455.31642638099555 102 98 97 0.17409891431380387 2 2444 4 2427 1 2013
593 48.952205787815942 59.296392621005516 396.05190434457319 48 64 85 0.21795958820777936 2 2440 4 2422 3 2437 1 2003
592 48.952205787815942 59.296392621005516 396.05190434457319 48 64 85 0.21795958820777936 2 2439 4 2421 3 2436 1 2002
589 67.314018818292908 67.047852826070866 456.07520506154282 46 36 35 0.48697354268001986 2 2433 4 2773 3 2432 1 2418
588 74.563759472537157 67.177782562543996 458.83376074480475 49 41 36 0.25659005460092438 2 2430 4 2418 3 2429 1 2006
587 -61.292271137573863 67.37211583276482 466.46114690203643 34 27 24 0.20303882598887954 2 2427 4 2416 3 2422 1 2005
586 -61.600030512081204 67.647597688916136 468.73242035564522 34 27 24 0.098918485293132338 2 2426 4 2415 1 2004
584 103.89296985342423 64.84287255941102 458.1428279525465 53 50 35 0.36624549712949794 2 2424 4 2411 3 2425 1 1996
43 6.419470419131752 -17.956821697488365 392.75387990381341 98 103 78 0.34674618834788307 2 440 4 241 3 470
582 75.502306824811541 62.264629854768167 459.35650471970706 37 35 33 0.26799930302275382 2 2422 4 2403 3 2415 1 1993
580 16.082486358638157 62.206104990956696 467.07869397484524 42 36 25 0.1784488647910796 2 2420 4 2400 3 2412 1 1992
579 -27.667198539507723 62.13430873361829 475.07668928448055 44 34 32 0.12900995432291887 2 2419 4 2398 1 1988
576 92.835347359965084 60.65219408629757 464.23461288894509 34 27 25 0.27208025020938881 2 2415 4 2397 3 2408 1 1986
575 -47.669641440374107 58.307476085008048 477.82317576743111 103 97 83 0.18051642389299327 2 2413 4 2388 3 2400 1 1978
574 -47.669641440374107 58.307476085008048 477.82317576743111 103 97 83 0.18051642389299327 2 2412 4 2387 3 2399 1 1977
573 -0.58185675199225528 46.630509651307733 388.93636498373314 107 117 108 0.1755482230296751 2 2411 4 2380 3 2401 1 1969
572 -85.636853317911005 58.441806493003256 478.90907309131438 57 53 37 0.13756421267608843 2 2410 4 2386 3 2396 1 1980
571 -11.062560437931285 57.453663751491412 477.22614297263277 96 90 72 0.18919011672711153 2 2407 4 2385 3 2397 1 1975
570 -35.348592057284179 55.784596173096489 468.30859361480361 106 105 102 0.31805799807045715 2 2406 4 1818 3 1904 1 1411
569 61.645922962094154 46.099830133300919 393.09379588387441 13 13 14 0.5173350717224614 2 2405 4 1813 3 2398 1 435
568 -25.342806831366108 56.730069797355654 478.93686818280366 109 102 83 0.089066715138791303 2 2404 4 2383 3 2393 1 1973
567 -70.403559653261055 56.503132003990039 476.71588211262963 109 103 92 0.12408225369231617 2 2402 4 2384 3 2391 1 1974
566 -35.551410816214187 52.273087100165093 465.42187903542049 109 105 105 0.11474501354240584 2 2400 4 2378 3 2388 1 1968
565 -50.741629251014942 52.03771466231543 483.2220361863528 48 37 27 0.074955195619227602 2 2397 4 2376 3 2381 1 1385
564 -12.360152820537623 50.829143081457474 483.97243317515529 104 97 79 0.093191884380481566 2 2396 4 2370 3 2380 1 1963
563 -63.38491641330139 50.925115834732978 483.137506174127 51 38 32 0.1114911950157013 2 2395 4 2372 3 2378 1 1965
562 -63.38491641330139 50.925115834732978 483.137506174127 51 38 32 0.1114911950157013 2 2394 4 2371 3 2377 1 1964
561 -32.285838226130878 50.810431740373069 487.04624171805659 62 55 52 0.31003375097972818 2 2393 4 2369 3 2379 1 1962
559 104.19153172760753 35.79762093829558 381.56616656046617 18 14 11 0.35093959248946927 2 2390 4 2358 3 2372 1 1952
558 -7.7435838080584425 43.660436697297264 484.07506645001894 61 43 33 1.0506067459588164 2 2386 4 1782 3 2677 1 1366
557 -38.041423883172946 41.573534792695831 466.09583615722966 43 40 32 0.13803374461455276 2 2385 4 2357 3 2366 1 1953
556 -62.468380935119207 42.393078855933389 487.55648567303803 39 34 26 0.09892421863058351 2 2381 4 2354 3 2365 1 1951
555 -38.208104600121388 36.261911823982018 465.55287795004398 31 26 20 1.0311999736658688 2 2378 4 2343 3 1827 1 364
554 -62.552943964182084 36.909719600650696 488.59603692961537 40 41 41 0.12581344866828337 2 2373 4 2340 3 2356 1 1945
553 93.012588375886082 36.645177068922841 485.06266507364768 95 82 73 0.17281818503291671 2 2370 4 1752 3 1834 1 1334
552 93.012588375886082 36.645177068922841 485.06266507364768 95 82 73 0.17281818503291671 2 2369 4 1751 3 1833 1 1333
551 -37.755383226303657 33.111997348973276 467.16266084304408 47 43 41 0.076726434574804811 2 2367 4 2333 3 2353 1 1936
550 -61.367964706559412 35.573304792436858 494.46574781399977 102 102 108 0.13210413946039412 2 2366 4 1743 3 1813 1 1942
549 -86.967162680282343 34.669500278721948 485.01751907162662 50 37 29 0.48214044216233554 2 2365 4 2729 3 2352 1 2383
548 -84.510750468984497 32.425550212585748 457.15717917412962 111 108 110 0.26356533824754691 2 2363 4 1738 1 1937
545 -67.623296841664029 31.037524161545274 488.91793902865356 47 35 26 1.2481805399530732 2 2354 4 1723 3 2340 1 326
544 -1.4732004009286221 23.538559148418035 392.54281754204311 66 66 28 0.19519350944109409 2 2353 4 2316 3 2341 1 1926
543 -83.619045620366535 24.147653639824476 454.07069082450755 128 127 132 0.13784271215965641 2 2346 4 1693 1 1280
252 20.401446993796331 78.679118735678543 452.8859030458986 37 30 26 0.13501530258442834 2 1211 4 1034 1 583
250 24.029324431827256 77.240053051126011 456.80954536781479 78 75 65 0.22726475383079192 2 1196 4 1027 1 569
247 104.58322132337 75.411562499381176 446.7220428735576 64 51 42 0.39808566188412825 2 1193 4 1892 1 1498
242 104.76955209576874 73.0286373143676 438.54935789821604 112 101 90 0.39100816192249216 2 1186 4 1013 3 1227 1 1488
238 10.746563236705811 74.164239116520548 458.95781872431616 74 65 61 0.3182379971115788 2 1180 4 1007 3 1216 1 552
225 -28.003879258191837 71.698419592852403 462.01371720642067 50 37 26 0.22759999667663761 2 1166 4 988 3 1194 1 542
223 -72.174254022235743 71.491310517211843 465.14600646644715 39 29 28 0.19162914826145591 2 1161 4 984 1 535
222 -78.718486801718598 70.379444687190372 460.41591868063699 31 23 21 0.23856508670108295 2 1156 4 979 3 1182 1 532
221 -63.256615760170682 69.962717845559681 463.83526658656177 44 36 29 0.36418070552731463 2 1155 4 975 3 1178 1 527
220 116.18571513244626 64.829518101639252 446.55377268797298 92 84 65 0.38990103670909398 2 1141 4 967 3 1174 1 514
218 -42.609894607410034 67.230656745467158 469.84129204948715 29 20 16 0.098617801832862284 2 1139 4 965 1 513
217 118.8610317373915 63.467632480277452 442.08693742512008 95 83 73 0.38698526004976286 2 1136 4 963 3 1162 1 512
216 -76.504177730296135 65.4211262486251 465.91448077503077 27 17 9 0.14295410808640596 2 1131 4 956 3 1151 1 510
211 -59.825144631998675 63.26241959257321 471.07684044843353 37 41 27 0.11864067783396547 2 1119 4 941 3 1136 1 496
201 -61.90886738907691 58.945732375109237 476.39261944113127 62 58 47 0.43323911729226522 2 1095 4 902 3 1910 1 465
197 -22.556037094626731 55.902828246726919 478.9876495269321 123 110 98 0.12882657167233955 2 1077 4 887 3 1098 1 448
196 -15.086128220697521 54.865001193460721 480.02901270232252 129 119 109 0.12620536206007993 2 1070 4 877 3 1094 1 442
194 -79.186469320223807 55.119381911134951 481.20228348872638 86 84 68 0.62226574940186397 2 1067 4 880 1 443
193 -26.284134714378659 53.402960765459774 479.28784366370462 107 101 82 0.039443311062848811 2 1066 4 873 3 1084 1 438
181 24.879533368672881 38.52043603727089 405.01017739166707 96 96 98 0.070668588553999101 2 1042 4 844 3 1061 1 402
179 -16.977881255544229 44.410258731307344 490.18401692776553 38 27 18 0.072137409319447898 2 1030 4 839 1 406
164 -31.202333965641571 38.15143977870401 496.57251595441477 76 68 59 0.055184088847562013 2 983 4 790 3 1002 1 366
163 43.944912833654293 30.774337544605785 412.21413224259754 34 20 11 0.21737050454184237 2 980 4 772 3 1008 1 344
162 18.257248201620342 35.596802964478627 469.77498973998831 102 100 102 0.14083203750460038 2 978 4 785 3 1828 1 1331
161 -35.376251774858481 34.507185034282635 465.15853744568125 109 107 111 0.096854447987856279 2 976 4 777 3 993 1 1326
160 16.954820941068679 34.168497715224113 469.55488774183925 51 50 45 0.098321454154344595 2 969 4 771 3 994 1 347
159 -31.461780052119032 33.875914206810769 465.37711855186996 59 58 64 0.16483060912489783 2 968 4 767 3 984 1 346
158 98.756451644732152 29.585768444774967 410.0021848725284 22 16 14 0.077259187773488766 2 967 4 1742 3 1004 1 1319
153 -41.189606870467642 32.083637179636533 463.78356174760387 28 25 23 0.15792475690636504 2 955 4 753 3 963 1 340
151 0.87718714185621227 25.742288854229933 390.72261131453655 82 86 84 0.17022584598490154 2 944 4 727 3 954 1 308
150 13.035427824983882 31.730187078267161 474.74503152185099 90 86 84 0.19317658710312072 2 941 4 746 3 955 1 334
149 -84.470835201030752 30.522731594532818 455.70442745093294 27 22 18 0.13744186484598353 2 940 4 745 3 940 1 333
130 82.198259180533825 24.717965858945803 412.12827474036101 126 129 136 0.1383420508217649 2 914 4 702 3 938 1 290
37 5.7661856325723662 -22.001701673984872 395.30483626759053 112 119 98 0.49140485412605556 2 397 4 193 3 414
64 56.096703713744873 -2.6890797827275419 394.04632282334597 95 93 95 0.14399295967768827 2 593 4 409
67 5.0331660301852663 -2.1606454253753107 393.6946614504364 128 134 131 0.27091509902830641 2 602 4 408 3 626
68 -17.321685705398778 -1.6478215073971023 494.52815146849463 35 33 35 0.26996480032855036 2 605 4 430 3 625 1 34
69 58.139857099159137 -1.3231531575009876 391.57566277759776 9 11 10 0.25358208330613552 2 609 4 423
70 -74.63069997822484 -0.90680459034874139 452.41941946012082 37 28 24 0.33499922848465857 2 610 4 437 3 620 1 30
71 -76.85983162448386 -0.24277870510655442 474.44296258273454 122 111 105 0.42958378393089713 2 616 4 1542 3 631 1 49
72 -58.861370336749808 2.0193521917897352 478.09415693336729 36 34 35 0.21279660893223123 2 646 4 460 3 654 1 64
74 -17.456226148088785 2.6524124059198808 503.59056216267567 30 28 33 0.28485726347092594 2 656 4 468 3 665 1 1151
76 -20.191653384430364 4.7604607767775544 498.4525777327508 36 35 33 0.32656347799190549 2 674 4 485 3 692 1 87
77 81.289956556943849 3.9534279759733577 426.00513231717946 40 35 37 1.0001536840833021 2 684 4 483 3 717 1 76
78 87.14458064181423 5.468299334946753 483.35165518781611 116 110 103 1.2570759805201352 2 690 4 1571 3 721 1 1869
79 -56.258716762174664 5.1638901618625406 452.63689616752214 23 21 19 0.3674588059346291 2 695 4 486 3 699 1 85
80 44.065895543525031 5.8060219372838509 463.2595428460578 27 22 18 0.27200895295073702 2 696 4 502 1 1166
81 -83.322912080480194 6.3345006111102062 455.10005655680993 31 23 17 0.25369050051730846 2 704 4 503 3 1658 1 99
84 13.868126430013238 8.1973136820593435 468.94818542885008 131 130 136 0.20786545886273147 2 719 4 524 3 737 1 118
85 84.146020830907247 9.4750049772494229 496.2161196803242 35 30 27 0.21158040526343216 2 723 4 536 3 757 1 132
87 114.16021659437487 10.516855527537036 476.85764159180479 22 18 16 0.33812413757429499 2 747 4 1609 3 772 1 139
93 -12.673735851952438 11.675591195443179 473.64786423898522 42 37 38 0.33234459766075192 2 768 4 553 3 763 1 137
95 35.703188448305255 11.711552011631408 468.69020164915759 37 35 37 0.64531555900582827 2 771 4 554 3 773 1 140
96 35.703188448305255 11.711552011631408 468.69020164915759 37 35 37 0.64531555900582827 2 772 4 555 3 774 1 141
260 83.208298538043152 72.284004046431988 403.3688291105471 17 11 7 0.067158565807018122 2 1223 4 1039 1 589
262 -3.9402726688343881 69.325016113376464 389.36589005649802 107 117 119 0.19911501355674174 2 1225 4 1038 1 582
264 45.668735710760693 81.095428765158417 448.24885400944862 112 100 90 0.13908897174649612 2 1229 4 1054 1 605
265 99.849260534368057 73.966977993081372 403.49383876431295 14 13 7 1.1529529749613823 2 1233 4 1052 1 599
266 49.378457912771538 81.718979645187957 445.12307252214083 76 64 53 0.099830517938043969 2 1239 4 1058 1 612
329 79.334303269125456 -4.4658370859529661 387.99875218029058 26 29 36 0.48502397364589439 2 1637 4 1511 3 1626
330 7.559697840126419 -3.928407814796878 396.21632163683216 133 140 148 0.49637428718303012 2 1638 4 2227 3 1621
337 9.4847557483765197 0.74549191259743808 424.5781751003455 43 36 37 0.64416900313805792 2 1665 4 2647 3 1644 1 2298
339 -19.392987837436632 2.9218603852029563 505.36630841495469 116 105 98 0.22957931371581733 2 1670 4 1559 3 1647 1 1153
341 -37.275693017809139 7.9514568421522309 504.23813951735474 17 17 14 0.20386102013012086 2 1685 4 1583 3 1663 1 1178
342 43.123507093306927 8.0796400809898952 473.66181537946801 47 39 41 0.37983814371056485 2 1697 4 1586 3 1681 1 1177
343 -23.248974783006823 8.4907014447747127 468.8251886653606 44 32 33 0.28495546687420653 2 1699 4 1587 3 1676 1 1179
346 87.127956137135783 9.6833974735328301 489.68495726449294 46 34 38 0.44272053624514368 2 1705 4 1598 1 1187
349 -38.520930031008255 12.206754803878743 512.94539706119656 26 26 23 0.46219121456818735 2 1716 4 2267 3 1690 1 1880
350 -0.41320134336057546 8.6779983560989873 392.74215262218206 74 71 35 0.23310758515952254 2 1718 4 1592 3 1695 1 1175
351 79.850445330787807 15.340959262197943 506.49354100579438 100 93 79 0.22151046275203384 2 1731 4 1630 3 1726 1 1221
352 -36.203845421172772 13.558576428824891 461.35070698949272 122 121 124 0.23515204341174745 2 1733 4 1620 3 1704 1 1207
354 -37.552721005449222 16.592159241788693 503.03854004972965 46 35 37 0.4776535065014873 2 1740 4 2286 3 1722 1 1230
358 13.176435690451772 15.997062815901963 469.81260669443594 27 25 23 0.22123813267132286 2 1749 4 1639 3 1733 1 1226
364 -37.916258107146788 20.67586996610472 466.75144061901011 37 31 31 0.18898120494084117 2 1781 4 1670 3 1750 1 1258
366 18.355977552302281 21.707304454998752 473.09183397830799 60 49 41 0.98872620189908078 2 1789 4 1678 3 1759 1 1261
368 -65.610288198847684 25.350381016717588 485.49246114509822 66 60 64 0.2994816702195689 2 1797 4 1691 3 1767 1 1284
380 28.677899481277912 32.745472509462374 494.16141473840827 35 30 24 0.56678013019024232 2 1829 4 2326 3 2351 1 1934
382 -61.924109187578289 33.343615827853057 484.63645498243272 19 16 12 0.44320774336838881 2 1833 4 2328 3 1806 1 1320
383 18.22936205035505 32.442019015848558 468.24239033781475 123 122 128 0.14693022838508091 2 1837 4 1737 3 1815 1 1318
384 13.191366038586303 34.627218942326621 478.92767806786679 96 91 91 0.20890743780551307 2 1839 4 769 3 1820 1 1940
385 85.258398382088217 36.307050474795339 485.49584688592154 50 42 38 0.28457564037981031 2 1842 4 1748 3 1009 1 359
386 -18.760068428642519 35.22402966090339 465.89268340249174 94 90 89 0.33893006946855536 2 1845 4 782 3 1000 1 357
390 -81.940282418296988 38.220218143534872 486.88678872262778 40 38 31 0.87758270785578041 2 1852 4 795 3 1823 1 372
392 -19.177665487653115 38.019869077134096 476.18845191670965 96 94 95 0.20475933721011721 2 1857 4 1758 3 1838 1 1339
393 -1.6570153804248879 31.138944862776402 396.78064476119192 78 76 39 0.19385243451834511 2 1858 4 784 3 1839
396 -19.770500128314691 42.066033040051074 490.79275311197648 97 94 94 0.073851726907821172 2 1869 4 1771 3 1850 1 1354
403 -85.200590284855224 41.321358040403176 455.85649675063377 34 30 28 0.16469985051395278 2 1881 4 1778 1 1364
405 -87.04249245991204 46.368487904891929 480.17164826995582 31 26 24 0.52972279269579481 2 1885 4 1791 3 1865 1 1372
406 -35.697525168343475 45.259442103878044 466.79786850881305 106 103 103 0.050750951325503821 2 1886 4 1792 3 1869 1 1369
408 4.2110320188864918 38.667287205134592 391.52411061980445 141 151 146 0.075407123403650828 2 1889 4 2363 3 2375 1 1955
409 -35.637152683296257 47.309397337935827 465.62307020500259 105 103 103 0.10852380355325872 2 1891 4 1797 3 1874 1 1378
410 -35.637152683296257 47.309397337935827 465.62307020500259 105 103 103 0.10852380355325872 2 1892 4 1798 3 1873 1 1379
411 -4.792797958475532 39.985737173339103 390.35398187394651 88 92 89 0.15184197771051286 2 1894 4 1795
415 -24.492264803496219 54.783089773751129 479.41853694957939 67 60 43 0.10160509870426032 2 1903 4 1809 3 1890 1 1403
419 -14.828597170351134 57.643119141821835 478.55330264059972 107 103 87 0.23024247141959731 2 1916 4 1823 3 1906 1 1414
