# 3D point list with one line of data per point:
#   POINT3D_ID, X, Y, Z, R, G, B, ERROR, TRACK[] as (IMAGE_ID, POINT2D_IDX)
# Number of points: 269, mean track length: 2
257 4.8973259497606598 -2.6789739967748334 31.11576183714892 76 78 99 0.76255216877018928 1 1537 2 1770
256 -1.7337262383589025 -2.8511159800078638 30.792505470316286 105 119 148 0.58884241187734787 1 1536 2 1707
255 9.143109761961 -2.9799301658920729 30.376649934177355 84 86 98 2.553715390446353 1 1535 2 1705
254 -6.8503233385654205 3.5071219259381197 29.924449284432804 121 127 123 1.2149533273882867 1 1502 2 1652
253 5.3990625001600741 2.5342730866893586 30.694657896835995 92 95 112 0.32609266363463341 1 1497 2 1645
252 -6.6827105720884958 2.4194191615394844 29.854360562644732 125 133 120 1.0241525730807206 1 1495 2 1644
251 2.6475421481975387 1.5028892682913257 30.719739210748251 113 123 148 0.10456924817667505 1 1489 2 1639
250 -0.72342629038048345 1.516503948133181 30.753541870554443 99 110 133 1.0974818155993975 1 1488 2 1641
249 3.5676642929005538 1.2614061848386005 30.868504633473233 108 120 146 1.1207698750641557 1 1486 2 1637
248 0.19737257862462809 1.1360417439654285 30.579058199613712 55 53 56 1.1158148374193653 1 1485 2 1634
247 -7.9085195385934899 1.0795994896800796 30.2585915480445 82 80 42 1.6535758371766267 1 1483 2 1636
246 1.4541862685481974 0.14325299887664045 30.743747542068551 59 56 63 0.018652570004596431 1 1481 2 1632
46 5.340883095435526 -0.71759627022607653 30.70317819330285 71 77 93 0.024781200101147063 1 527 2 317
45 -5.1665575882363921 -1.2706097288335947 29.765192843360794 92 98 64 1.7400431084348595 1 523 2 558
44 -5.316572632412135 -1.4799964513992321 29.901423238350237 128 133 111 1.6690785413545726 1 521 2 311
43 -4.8498698887149096 -1.9151008016355897 30.670741739887557 75 78 95 1.0724418347822668 1 512 2 307
42 8.8404832952359929 -2.3011520049220215 30.405337770066744 61 64 71 2.394399559974616 1 506 2 539
41 -6.1216559008398566 -2.5220051594318282 29.828678767745902 111 118 100 1.4379686382594417 1 502 2 536
40 -6.1216559008398566 -2.5220051594318282 29.828678767745902 111 118 100 1.4379686382594417 1 501 2 535
39 8.0241831489255659 -2.6033737839366635 30.345339937016576 22 29 39 2.1933950998578164 1 500 2 534
38 8.0241831489255659 -2.6033737839366635 30.345339937016576 22 29 39 2.1933950998578164 1 499 2 533
37 -5.8097337036700036 -2.786127364098709 29.954553034193779 85 87 53 0.94082289262688801 1 496 2 529
36 -5.8097337036700036 -2.786127364098709 29.954553034193779 85 87 53 0.94082289262688801 1 495 2 528
35 -4.8729990082289554 -3.7157516512629094 29.930351573823351 95 98 81 1.2064404813495009 1 486 2 515
34 -4.5234081645885862 -3.9492905417018429 30.591973105043145 82 89 114 0.40134107599097907 1 482 2 514
33 -1.8551813753143114 3.8597651790970042 30.077701173081422 84 80 77 1.246891971564382 1 346 2 368
32 -3.8688899238878087 3.5783245789013707 30.025235224206071 129 144 161 1.1410346342494633 1 337 2 363
31 -3.8688899238878087 3.5783245789013707 30.025235224206071 129 144 161 1.1410346342494633 1 336 2 362
30 -1.3802813724344416 3.4201251655797789 30.059874503353868 102 112 124 1.1848276347223732 1 327 2 359
3 -6.3774332410762806 -0.1783263182212389 30.002157358766546 111 115 92 0.83873489037074878 1 91 2 56
260 -4.2869306178228115 -0.39720718987454529 30.799915378923423 105 115 140 1.2235943851976083 1 1542 2 1715
2 -5.4399279241789351 -0.57024284093848276 29.866575234665671 119 123 102 1.3367205218428908 1 87 2 47
259 -0.68257979578907313 -1.372291819555215 30.70954265102645 107 114 140 0.54686013735160433 1 1541 2 1712
1 -4.9868200243113474 -4.1870956554625955 29.991215501266126 96 99 83 0.94722555680210929 1 73 2 12
258 4.2867252391022799 -1.9102410374116712 31.011905173179901 113 124 151 0.12253287171448821 1 1539 2 1710
17 -5.5585224383251131 -2.3397549008432059 29.945182575756377 118 121 115 1.3570548868942651 1 295 2 298
18 -5.419639118718182 -2.1657897458622153 29.864357505966584 100 102 81 1.1317083154035115 1 296 2 32
19 8.2263354318443653 -2.037006855633805 30.24311144341597 37 35 32 2.2950003805708201 1 297 2 31
20 -6.6840811871733106 -0.78051181553959204 29.859968130808692 82 87 81 1.0509105430544003 1 302 2 316
21 -6.6840811871733106 -0.78051181553959204 29.859968130808692 82 87 81 1.0509105430544003 1 303 2 315
22 -8.3139740075033544 0.17218151608942112 30.591104643423265 65 64 71 1.0116733924780179 1 310 2 60
23 -6.9799892423998902 0.082332611175219839 29.828260786086325 105 110 107 1.243024752973894 1 311 2 58
24 -6.4069670971437791 0.87658483925749575 29.839159792358267 73 77 42 1.2506212411266859 1 312 2 332
25 -6.5117963357335444 1.2702112530679033 29.914546038239806 83 84 52 0.93483635929113462 1 313 2 335
26 -5.6562947177420266 1.8214730014715679 30.588695003665499 118 125 118 3.5384795979379211 1 316 2 1486
27 -7.6735537024796674 2.4139749811066684 29.823841651128756 103 106 97 1.0485766892579815 1 321 2 346
28 -7.7820236339970048 2.974151438504836 29.812110102463517 104 110 110 1.1335057323652684 1 323 2 353
29 6.6951386211692583 3.3997735535829934 30.200059049696602 62 56 59 0.54404809307536928 1 326 2 104
60 -6.0311215481914218 2.0411084916815501 29.857000198105474 94 97 87 1.2667549742787507 1 568 2 607
61 1.5945443321778776 2.3221634556869652 30.697696639073293 88 90 103 0.36048596913374109 1 569 2 611
62 -3.5882527079294997 3.7729030111552353 30.077773528620806 129 146 168 1.4025581109247338 1 588 2 366
63 -3.5882527079294997 3.7729030111552353 30.077773528620806 129 146 168 1.4025581109247338 1 589 2 367
64 -3.0582445395152646 -4.4932666397122549 30.343687318178862 88 108 145 0.20133316430195219 1 751 2 1089
65 -4.2387364027736592 -4.3394884482117995 30.658369237149344 88 109 146 1.0592545232625525 1 753 2 772
66 -2.8734646469570828 -3.5297518843357074 30.650141390728738 72 82 107 0.27179884577726154 1 762 2 784
67 -2.8734646469570828 -3.5297518843357074 30.650141390728738 72 82 107 0.27179884577726154 1 763 2 785
68 -2.5082091019525343 -3.080726085539875 30.692988882477994 71 75 90 0.56897692280768597 1 774 2 793
69 -3.8917756337493534 -2.8641234417711003 30.78817099264802 99 106 133 0.21405909727356931 1 777 2 1121
70 1.1877347394681914 -2.8531430842457981 30.721967506224171 96 105 134 0.069219739775631894 1 778 2 799
71 7.7415199599828153 -2.9354096625639707 30.447435032027236 80 81 91 1.777635650327914 1 780 2 523
72 7.6945665783153583 -2.6510513979515333 30.337155069323028 29 34 46 2.1936589879746577 1 785 2 530
73 1.8328543427705677 -2.3622317056284095 30.809419567272215 107 117 144 0.93669807903154245 1 789 2 809
74 -5.8741356587357174 -2.3911719954893269 29.898963184297202 93 96 65 1.1615755036399666 1 792 2 807
75 2.3318824897115089 -2.0491794117405631 30.805650636163694 109 119 146 0.48690552388970854 1 796 2 1135
76 -3.535902407846486 -1.956606451502628 30.601444057239039 91 95 119 1.0210979564455014 1 799 2 551
77 1.0946592360662941 -1.8508835686207963 30.969028229612956 83 86 101 0.78728586556094071 1 801 2 822
78 -3.4417848783802425 -1.6574128284491803 30.641143660884509 67 68 81 0.043062113879627287 1 804 2 823
79 -3.4417848783802425 -1.6574128284491803 30.641143660884509 67 68 81 0.043062113879627287 1 805 2 824
80 1.7832122393512861 -1.6289730181172302 30.821433477055209 84 86 98 0.13435621712647922 1 806 2 1149
81 5.2083248412235594 -1.5913426324094115 30.91768684666652 99 105 131 0.21673515771133914 1 808 2 825
112 -1.6440120408198231 1.7728606049217808 30.668771377534707 95 102 126 0.68442279411341778 1 874 2 1230
126 4.0896351530685209 4.0562909975658927 30.049698151352523 85 81 82 2.0552249518448229 1 922 2 641
127 4.1944982224449898 -4.504211007549678 30.886062413430629 97 117 151 3.6420711184186345 1 1057 2 1402
125 -8.4250114273150789 3.557767001648517 29.820342282690426 107 112 115 1.1945655178981607 1 915 2 941
16 -5.4183676102141529 -2.5832900370436849 29.845258110475822 94 96 81 1.1652758224491246 1 293 2 27
270 -2.3622946763547041 0.70454466503934832 30.422611184841941 106 118 142 0.69857856827549436 1 1613 2 1837
13 -5.3286928433138332 -3.8665663342430752 30.048048749010711 94 96 83 1.0023467989303458 1 283 2 283
93 -4.9945510743240682 -0.78051997256950623 30.701897032550345 48 46 49 0.7844483415936816 1 828 2 1169
124 -7.7612578563227466 3.0170032144011758 29.813073640077775 103 109 108 1.0455096528048911 1 907 2 935
15 -5.3294029703049031 -3.5235874677895875 29.914310609939914 92 94 80 1.253740635881436 1 288 2 289
269 0.66045683448857417 -0.1476983211643681 30.876886956128516 66 64 65 0.5689314835704784 1 1612 2 1836
12 -5.3286928433138332 -3.8665663342430752 30.048048749010711 94 96 83 1.0023467989303458 1 282 2 282
92 5.7439562615779476 -0.86702540208206713 30.821855069749972 75 78 95 0.19083881513298864 1 825 2 843
123 3.3368727348059006 2.5521501598788223 30.662213151532786 48 41 41 0.15675092992478817 1 896 2 925
14 -5.3294029703049031 -3.5235874677895875 29.914310609939914 92 94 80 1.253740635881436 1 287 2 288
268 9.0611925171908538 -2.0123074516329722 30.363186740669377 38 41 20 2.3163356918876845 1 1600 2 1820
11 0.65064771107349317 -4.4785981602453973 30.315144749931818 71 72 91 1.0779221888888904 1 279 2 502
91 4.8424651829510825 -0.96110582403763223 30.691016178347581 66 64 71 0.12229067239921361 1 824 2 840
122 3.3368727348059006 2.5521501598788223 30.662213151532786 48 41 41 0.15675092992478817 1 895 2 924
267 1.2838462304091887 -0.15435872880178714 30.704931911187352 66 63 70 0.50993230491583252 1 1593 2 1797
10 -7.2033547335440353 4.2674886196334478 29.806510183091383 26 28 6 1.2712165139215568 1 166 2 134
90 -1.9151526910839325 -0.93354056604846791 30.625255199311432 71 71 80 0.15060370380878052 1 822 2 1162
121 0.67507355861880436 2.3945578630826141 30.579737049882812 52 49 51 0.15558632075099327 1 893 2 920
266 1.8041096842293611 1.5475219663137443 30.641123709903219 110 117 141 1.2092478444911672 1 1583 2 1799
9 -1.8877432228398874 3.5392659006731977 30.061793240862372 100 110 122 1.2065641678770544 1 128 2 111
89 -7.9873765940843171 -1.0724934524070981 30.455958262007446 96 96 93 0.65473610940965743 1 819 2 841
120 4.8607201607604704 2.4285395703708392 30.718050384310764 42 36 37 0.74051336718059302 1 891 2 921
265 6.8875278075173494 0.59308465330711435 30.393413662081716 46 45 50 1.5675291276536176 1 1581 2 1721
8 -4.2233325021417905 3.3146405604244764 30.015213937412121 117 132 150 1.099378718454995 1 119 2 106
88 1.0578346449173073 -1.1352619830705941 30.728935557989022 76 75 85 1.0478756969099889 1 818 2 837
119 4.5212017396516835 2.3547987351382718 30.481647700576666 68 65 71 0.49167133285477871 1 890 2 918
264 -5.5593733768052864 0.28820455586814564 29.889430666098278 122 125 117 1.055171979449395 1 1579 2 1719
7 -6.2962261546437848 3.0919846367925095 29.749894933323965 130 135 134 1.5210259918216855 1 116 2 101
87 6.33827746876009 -1.2021937760245751 30.889977240842768 66 66 76 0.050342700544601354 1 816 2 834
118 4.9502006593816379 1.8771250174844099 30.684007967953448 49 45 46 0.10421563706819972 1 881 2 913
263 -9.841039414203788 0.12945619387082363 30.284452778964056 46 42 43 0.6927026685770612 1 1578 2 1773
6 -4.2197872233901972 3.1610498383380161 30.090160555103026 42 34 34 0.9300050267933031 1 115 2 103
86 5.8926464017072941 -1.1933258076737259 30.839442501797013 104 115 143 0.36590252858444905 1 815 2 833
117 1.242021199236377 1.8854122902294836 30.561608048047624 105 112 131 0.06930286474644505 1 880 2 601
262 4.6181730848691025 -0.17351458425802768 30.692599203377004 63 60 69 1.2333110149959152 1 1577 2 1716
5 -6.5996166116589858 1.8565084537979315 29.80615888441314 55 62 26 1.3713940850073327 1 106 2 342
85 7.1089900396082033 -1.2639521808998482 30.798609199411082 77 75 88 0.092762930777838842 1 814 2 830
116 -7.503876479573961 1.6591201904437085 29.863885087173529 86 91 61 0.90132758396361878 1 879 2 599
261 -1.1799754932453834 -0.27309961970059415 30.739013858123272 56 51 53 1.0492878552896561 1 1543 2 1630
4 6.2869931200209734 0.24745449809045894 30.740759016316041 74 72 77 0.083530138418587307 1 93 2 59
84 4.8665860159059822 -1.4428356165008767 30.796821687681529 80 79 88 0.074149368065081822 1 813 2 827
115 6.7917728725316255 1.7211559148260971 30.673477757688207 86 91 111 0.23818487847376141 1 878 2 912
83 -3.0936028640984161 -1.4233049734887535 30.648705064319063 76 79 96 0.22993606665679608 1 812 2 829
114 3.4483504392936619 1.7781988760367256 30.75702381282478 70 70 81 0.31028093615715641 1 876 2 1226
82 -4.1384203998269751 -1.5367692459146585 30.646520957994408 104 115 145 0.41690319259908304 1 810 2 1153
113 -1.6440120408198231 1.7728606049217808 30.668771377534707 95 102 126 0.68442279411341778 1 875 2 1231
111 4.6001420544726273 1.5979340080767894 30.613582616142629 97 101 118 0.036106231787558826 1 867 2 909
110 -4.9390829473141089 1.3360774162200402 30.612709667058471 77 79 92 0.035120329758151422 1 866 2 904
109 -9.6543842609174124 1.2684629531984086 30.281564961135189 40 36 35 1.1622941293478335 1 865 2 903
108 5.6165476419054485 1.2280394836018882 30.803705255639773 96 103 130 0.72376814251542965 1 864 2 900
107 0.40333208064715231 1.102259387779859 30.629553177685015 47 45 46 0.15160654540656537 1 863 2 897
106 0.40333208064715231 1.102259387779859 30.629553177685015 47 45 46 0.15160654540656537 1 862 2 896
105 -2.5949008993221181 1.1046506289310587 30.626626481486003 83 81 94 0.062787890274333152 1 861 2 899
104 3.0190159930815486 0.95052680281392554 30.735202137129672 76 76 88 0.52837622996605449 1 858 2 1207
103 -0.72930473549940811 0.81278112793326152 30.661480091040758 55 54 57 0.31965861220951308 1 857 2 890
102 4.5725690854762675 0.7637328049061507 30.843537354693925 85 91 113 0.099181221694766619 1 855 2 888
101 3.4380302938793919 0.46510366798191072 30.813380701660726 94 105 131 0.84748066503338837 1 847 2 884
100 4.8382788010073501 0.28763698248632075 30.581831926754813 59 58 64 0.24155831846453271 1 845 2 874
99 0.75695725348967091 0.1501533608141381 30.717190264962049 59 53 55 0.55814285063540137 1 841 2 870
98 3.8226222874082958 0.14108863298503938 30.789962892993181 71 71 79 2.5010803626668796 1 840 2 1185
97 -5.6817993795366615 -0.2661967082557215 29.874260482144226 110 113 103 1.3422268544019906 1 837 2 862
96 0.39306394872011974 -0.45495821241165846 30.703648649238566 95 93 98 0.034459400856840974 1 835 2 857
95 0.020404306802232819 -0.57702121892407643 30.68708843931142 43 39 38 0.056963327643923617 1 833 2 853
94 -6.3713820675920747 -0.77372740210151969 29.853350252950204 108 116 95 1.1576055096415763 1 830 2 845
47 -8.2617782836174296 -0.60170385035339002 30.567747070113633 64 64 66 1.1408155588917577 1 528 2 572
48 5.7858198393331755 -0.35883263874270099 30.745477096525835 78 81 98 0.19952320180425348 1 531 2 573
49 -5.129805669991109 0.11231855449552874 30.53315538137333 71 65 67 0.54993027354648372 1 536 2 869
50 6.4857355647753749 0.33856621066527115 30.727106639463372 86 84 95 0.2379935757720042 1 537 2 583
51 4.6603465850265806 0.4308024738650662 31.046130374988056 82 81 96 0.78206033545274645 1 538 2 325
52 1.3301503313525536 0.53853682359492971 30.696331518170652 85 89 105 0.10707506122096068 1 541 2 586
53 -6.5435282974858708 0.63577512461589514 29.950975610409873 112 116 99 0.99812615260453974 1 545 2 588
54 5.3619195189466318 0.84950758638428958 30.669003825439301 92 98 123 0.61118099853818197 1 546 2 590
55 -2.132944999721639 1.0498896060568752 30.575446781787221 93 94 109 0.19609103271792633 1 548 2 592
56 0.95668068653556881 1.9249896597721197 30.613164979769724 63 63 65 0.11933622296758137 1 560 2 602
57 0.95668068653556881 1.9249896597721197 30.613164979769724 63 63 65 0.11933622296758137 1 561 2 603
58 1.5640903036680673 1.9994593619450622 30.6790990637964 79 79 88 0.08119243522698566 1 563 2 605
59 -6.4261494862870432 2.0001324990725804 29.77108242537329 121 125 108 1.5755932776378032 1 566 2 604
128 -3.5344458280092734 -4.4628500906705506 30.499646536789385 86 110 148 1.1504714049522009 1 1058 2 1403
129 -1.9008402011512544 -3.8831899758440898 30.679290871976818 91 107 142 0.76438983213152289 1 1064 2 1097
130 0.37994115356734182 -3.9077690506909857 30.746158824087338 101 104 115 0.045869854919641753 1 1065 2 1094
131 -0.91098440262975977 -3.6744789732340566 30.679803311119976 84 106 145 0.17005754788242955 1 1070 2 1413
132 -2.0370786769169884 -3.4966139092994872 30.658581409090925 53 51 59 0.33881839678563669 1 1073 2 1101
133 0.05021675179621754 -3.3417124168208847 30.692805124990468 44 42 45 0.07395186901286846 1 1075 2 1102
134 2.7475685353562791 -3.1739456773245776 30.800210889812341 74 81 103 0.46032619789673934 1 1078 2 1108
135 2.7475685353562791 -3.1739456773245776 30.800210889812341 74 81 103 0.46032619789673934 1 1079 2 1109
136 -4.5784718810876743 -3.0986838160761563 30.455412162475781 78 81 99 0.58045752517336646 1 1080 2 1113
137 -0.33661058082684647 -3.0898165028264364 30.665628997829 97 112 143 0.1846530497721148 1 1081 2 1110
138 -0.33661058082684647 -3.0898165028264364 30.665628997829 97 112 143 0.1846530497721148 1 1082 2 1111
139 4.1776002878519929 -2.7876612088297748 30.957746390449941 87 93 119 0.068859981251504609 1 1090 2 1122
140 -3.4221267972963965 -2.7219491540414631 30.586715524176995 100 106 131 1.7460590069514921 1 1091 2 1426
141 1.555883394146655 -2.6228458941639463 30.69991599395426 73 75 88 0.25272981345628354 1 1092 2 1126
142 -3.074007173319937 -2.5267576276147925 30.637182613388823 59 54 59 0.64002995624630699 1 1097 2 1127
143 -3.074007173319937 -2.5267576276147925 30.637182613388823 59 54 59 0.64002995624630699 1 1098 2 1128
144 -4.4038864386784748 -2.3481824643531768 30.764974777148343 100 108 135 0.48509175044800279 1 1101 2 1129
145 -2.2582759857603607 -2.2321274545753944 30.865158147821521 88 94 118 0.9876511459163253 1 1103 2 1134
146 -0.051504384821636773 -2.2745692663179145 30.712979268705624 58 53 58 0.091669142462851461 1 1105 2 1130
147 -0.051504384821636773 -2.2745692663179145 30.712979268705624 58 53 58 0.091669142462851461 1 1106 2 1131
148 5.2792155129440204 -2.2218924050597719 30.962091340638295 101 112 141 0.48015338446138855 1 1107 2 812
149 0.35096501586498619 -2.1893509110556053 30.788412771037748 114 114 124 0.38622488898274221 1 1108 2 1133
150 -1.8047814975648657 -2.0061225908546478 30.768022873628066 107 118 146 0.96116254921303501 1 1111 2 816
151 4.9979909469153458 -1.9451193654130736 30.980852005525549 71 65 69 0.049369301514446108 1 1112 2 817
152 -8.8514031864097955 -2.0000099952401471 30.302855419200363 54 52 55 1.5779469221283908 1 1115 2 1137
153 -1.0296819210077759 -1.8381610603144782 30.832589208078208 109 121 148 0.71786216735416852 1 1116 2 1140
154 0.052924816654051465 -1.7893416431376759 30.711692136195623 51 46 50 0.056365026657358402 1 1117 2 820
155 0.052924816654051465 -1.7893416431376759 30.711692136195623 51 46 50 0.056365026657358402 1 1118 2 821
156 4.6243825247588894 -1.7834543567836487 30.853975887806595 116 125 154 0.14857761999242344 1 1119 2 1139
157 6.4523835952040649 -1.6488132307930043 30.914359353728511 90 100 126 0.41926241787230206 1 1122 2 1144
158 1.3172739586878999 -1.5207754276520267 31.009567777297487 108 118 145 0.65765296753778446 1 1124 2 1155
159 -1.3429600542840907 -1.4562611873778493 30.735142472068805 68 67 69 0.60109742203644401 1 1128 2 1156
160 0.35083965351812352 -1.4602555468971405 30.690539410050391 109 108 114 0.2267197419607416 1 1129 2 1154
161 -1.7480743710145639 -1.3691881075097672 30.668260708745148 102 112 139 0.2599184459219423 1 1130 2 1157
162 -2.4630603790878718 -1.1932393148550271 30.684151103492695 73 71 82 0.099127032536825255 1 1131 2 1159
163 -4.1178552959641497 -0.85290070764202364 30.83912107079616 83 88 108 1.2426286045988977 1 1135 2 1166
164 4.4960748428787607 -0.88688186464563001 30.828363426455038 113 124 152 0.067803158304715949 1 1136 2 1160
165 6.3833750213545706 -0.85537379959391435 30.830325651012938 104 115 141 0.30288674039750196 1 1137 2 1161
166 -2.3871550898405598 -0.78504682866104813 30.680376012886065 110 124 151 0.57581723862926926 1 1139 2 1454
167 -0.32338885502960069 -0.44962422267954327 30.761056113952449 111 121 149 0.026774757024177087 1 1145 2 1171
168 5.2251333928749109 -0.37193064474618787 30.776900432826061 71 74 89 0.46425022389372594 1 1147 2 860
169 0.97315043352365338 -0.14062008450724583 30.630869233952321 87 92 112 0.071113912573646923 1 1149 2 864
170 1.7610970436532853 -0.17620212818601466 30.717613108331889 92 94 111 0.20500873645423029 1 1151 2 1178
171 -8.3735787852014365 -0.12652413219342939 30.506701001637293 51 49 54 1.2330818526819036 1 1153 2 1180
172 -4.7142912686907739 0.12708412590832996 30.67151672812081 104 110 132 0.92610299938690244 1 1155 2 1191
173 -4.7142912686907739 0.12708412590832996 30.67151672812081 104 110 132 0.92610299938690244 1 1156 2 1192
174 5.1762627166735253 0.11163365254560631 30.83311757321043 98 108 133 0.16045840337375022 1 1157 2 1184
175 -0.41552649595443536 0.21007822498669171 30.670587368735831 101 107 131 0.57888884639765448 1 1159 2 871
176 -8.6140714604514237 0.35329769849413672 30.599192736857798 98 108 133 0.80388941531984681 1 1162 2 1194
177 -1.3150149304897372 0.42159165245040953 30.775884576316418 53 53 56 0.74374866909903581 1 1163 2 1195
178 -6.2692277978721247 0.27916629438150053 29.860004481480658 95 100 70 1.1775464204431256 1 1164 2 1190
179 1.8880853278302614 0.57195737968946414 30.711081762466097 102 114 140 1.3514412234864532 1 1165 2 1197
180 -4.4763154264521825 0.59925853466705448 30.746501461708799 69 68 74 0.59576857824884177 1 1166 2 1201
181 0.12863620656595898 0.71324678844010059 30.674231125818356 46 45 43 0.14910867009272238 1 1167 2 1203
182 3.5615133500624192 0.77573266977722621 30.911129195428298 68 68 78 0.63240704747834076 1 1168 2 1204
183 -0.2779499651059969 0.85030983351875733 30.817319711068414 84 90 109 0.90201326009714833 1 1169 2 1205
184 -4.5836244691585168 0.95649064918679017 30.463443557618557 97 105 128 0.52917924756131518 1 1171 2 1209
185 -5.1716502644385365 1.021470329749274 30.552682162540012 48 44 46 0.065238162998208699 1 1172 2 1475
186 4.8235769399942079 1.2143761974513083 30.834890459647212 53 48 52 0.015587664155324425 1 1175 2 1212
187 4.8235769399942079 1.2143761974513083 30.834890459647212 53 48 52 0.015587664155324425 1 1176 2 1213
188 4.2040583814871137 1.3687019734834207 30.710648728604831 63 62 68 0.64582296483258972 1 1177 2 1216
189 -9.2249988810526578 1.4699838707243202 30.458678806679053 103 98 102 0.38838172046105285 1 1180 2 1225
190 1.0400271385773063 1.4615361760222179 30.5919037933384 56 54 59 0.019734952545825347 1 1181 2 1222
191 -3.7817666291516137 1.7405085461926273 30.699919066535788 78 80 94 0.57350329116248977 1 1188 2 1484
192 4.0623407730324796 1.8277605577435967 30.783876847453097 102 108 130 0.43191225901812447 1 1189 2 1229
193 4.3136594648859958 2.1374951779157323 30.766233227364147 47 46 51 1.0094005869624059 1 1193 2 1235
194 -1.3401477879418218 2.1818461957427706 30.651582590436991 43 42 41 0.6504045160807882 1 1194 2 1491
195 -4.8998396769626833 2.4221331303422469 30.574203106814068 67 67 75 0.68577937008716816 1 1197 2 1239
196 -1.1371175380364225 2.6100020481767174 30.691853798013035 72 70 75 0.36137485576830419 1 1203 2 1243
197 -8.3095618819369701 3.0141202463118022 29.856141779591283 99 103 102 0.95025106722881281 1 1212 2 1246
198 -0.86108720977374953 -3.1252919133188239 30.708495649604764 52 50 53 0.23901813522487103 1 1317 2 1421
199 0.44117619241539652 -3.0663023048969027 30.787413032971319 107 113 135 0.63344076682916484 1 1318 2 1422
200 2.231045566299994 -2.8086363246398616 30.787589738183463 69 68 77 0.19219383516912625 1 1320 2 1120
201 -2.442644965183681 -2.6715350905467674 30.725420903810026 110 123 150 1.0447795846312871 1 1321 2 1427
202 6.3238035642310049 -2.3130180673034144 30.957712299500432 95 110 143 0.09445751367754493 1 1324 2 1432
203 -1.3228716444592525 -2.2595167140168773 30.845672490400563 58 53 57 0.85535611613061313 1 1327 2 1436
204 -1.3228716444592525 -2.2595167140168773 30.845672490400563 58 53 57 0.85535611613061313 1 1328 2 1437
205 -7.9379780000807454 -1.9276784788386414 30.484870484358602 91 90 95 1.1514904780715105 1 1331 2 1442
206 -3.9969126574269955 -1.9500645133245014 30.589227079896105 48 47 50 0.38499410265185774 1 1332 2 1438
207 -4.7109167486279908 -1.3979615153717186 30.526220635784359 51 46 50 0.2212810471951559 1 1339 2 1446
208 3.7837424046574326 -1.2335345655745908 31.036295599707049 95 100 120 1.0928035122109008 1 1341 2 1620
209 5.2776528859374654 -1.0745848704258547 30.838417328964649 109 122 149 0.58421829744650977 1 1345 2 1449
210 2.4470098594851684 -0.95611948890746667 30.826321162587121 113 125 151 1.126376020152033 1 1346 2 1450
211 2.4470098594851684 -0.95611948890746667 30.826321162587121 113 125 151 1.126376020152033 1 1347 2 1451
212 -4.576348784131115 -0.6693381716061424 30.905405277514959 105 114 143 1.1126890507192186 1 1349 2 1456
213 -3.1731696484779182 -0.61808222496853205 30.735397039534821 71 73 88 1.1002334659748891 1 1350 2 1457
214 -1.8151328010249159 -0.48029700486251059 30.718726944427765 106 115 140 0.24735189637233507 1 1352 2 1458
215 -3.9441134517827985 -0.34642781963089764 30.76384100348616 112 124 150 1.5002557566169796 1 1354 2 1460
216 -2.2006347579186833 -0.17859670500684555 30.667535411447115 82 84 97 0.32554055841021956 1 1356 2 1176
217 3.2640887879443627 -0.15898803548750262 30.774194747488188 109 120 143 0.60547409099023408 1 1357 2 1463
218 0.095123947799182318 -0.11428703507141957 30.636391338854583 48 42 42 0.098855602055670372 1 1358 2 1465
219 2.3691957132609316 -0.082459268863948054 30.84639781709296 105 111 133 0.35335960811422801 1 1359 2 1466
220 -8.4117442494882706 -0.10505433096822081 30.476533771911175 56 54 59 0.62329024770714248 1 1363 2 1179
221 6.0666636304949666 -0.048115257780861675 30.658492701162373 102 113 141 0.15674893060174688 1 1365 2 1464
222 -8.8111548891938121 -0.018440401993683686 30.480902013156129 42 37 34 0.3087647169059502 1 1369 2 1183
223 -1.7120420417876521 0.072686519652409132 30.771839163281097 114 126 152 0.6531195588440557 1 1371 2 1468
224 -4.1761573668226006 0.23735377994479556 30.807987449427102 75 74 82 0.89153372472423376 1 1372 2 1471
225 -0.88634637593619314 0.37478269428537025 30.739432940416954 111 121 146 0.82720402056353115 1 1373 2 1472
226 0.55532435067855968 0.58921875881076957 30.662100495444044 109 108 114 0.019557408948393033 1 1375 2 1473
227 -2.2459802648924718 0.67506540780014923 30.740480564089612 110 123 150 0.61871231594253251 1 1376 2 1202
228 -3.5472975809042007 1.2303691077590155 30.623299358519059 65 62 66 0.19788856220032519 1 1382 2 1476
229 -1.9015854975991955 1.2893611239980798 30.574406609615497 113 125 151 0.96553125863110101 1 1383 2 1214
230 -1.32294739867308 1.3458728355498275 30.66388868167175 42 38 37 0.6652411761192798 1 1385 2 1477
231 5.6554815578839062 1.6366236314256755 30.680557201215048 65 55 54 1.9975864819496634 1 1389 2 1480
232 0.24307509221295165 1.9169105412892824 30.700274469909623 44 42 43 0.046896110081549744 1 1392 2 1487
233 3.5864809998869265 2.1726787960370348 30.735871109282296 104 110 131 1.1898238488890867 1 1395 2 1234
234 -3.0120762609754062 2.2383737294748309 30.748994342065838 78 76 84 0.82337155747352742 1 1396 2 1492
235 2.8024599801020034 2.506449781761888 30.688031908553452 92 97 113 0.9640954907132564 1 1399 2 1495
236 2.8024599801020034 2.506449781761888 30.688031908553452 92 97 113 0.9640954907132564 1 1400 2 1496
238 0.8603957462927081 2.8795842981922357 30.588823401170082 118 115 122 0.025171720202800736 1 1402 2 1501
239 4.051930303147941 3.4045392878739351 30.368101333046507 30 25 22 0.98173649232516724 1 1405 2 937
240 -4.0307127171217711 -3.5628363605184434 30.546573231688718 93 109 142 0.41574536156295172 1 1457 2 1612
241 2.8500760531960627 -2.5485474934189707 30.919447641115465 106 122 152 0.50222355011256758 1 1462 2 1617
242 -2.9785367086260583 -1.9074811484427414 30.418229216200221 103 116 144 2.2153097554078456 1 1466 2 1439
243 2.1036398182172413 -1.5199781809220458 30.660316618659234 84 85 103 1.8603057043365254 1 1470 2 1619
244 -0.049037182489851672 -1.1107021647118311 30.62075057467457 42 38 35 0.093642618437842204 1 1472 2 1622
245 6.7363914788608898 -0.51933944195877224 30.942429493942992 59 50 53 0.82297508053534707 1 1477 2 1627
