# 3D point list with one line of data per point:
#   POINT3D_ID, X, Y, Z, R, G, B, ERROR, TRACK[] as (IMAGE_ID, POINT2D_IDX)
# Number of points: 279, mean track length: 2.7383512544802868
288 -0.95865253181877252 0.99274662389565316 21.860672433851242 216 206 174 0.5224635096235537 3 1711 2 1629
276 4.0179810366741711 2.7846495623633327 22.672602295742454 224 192 149 0.65743747376446871 1 423 3 1299 2 1198
273 5.710490950740831 0.030894190726732468 21.446528044294116 241 233 213 0.73646264352307456 3 1173 2 1061
266 7.2353980610400734 -3.0241929511771004 22.278455781028981 148 116 84 0.93770685240051144 1 959 3 1029 2 936
264 0.38895668253359372 10.441170637161509 23.97561257312805 222 168 121 0.93707133408235055 1 690 3 932 2 820
256 2.8574195288098636 4.0236378665815744 23.2714689297413 195 168 143 1.6388960584168686 3 2580 1 2560 2 2500
255 -0.023643215661917627 0.81144667203878973 24.351863970741139 124 115 106 0.27864163718514046 3 2572 1 2552
252 4.2092658337515862 9.3383073640593199 23.969135560537399 231 179 127 0.10504128792356465 3 2562 1 2491
251 5.8400355098075369 5.663761169394891 23.28646200248102 153 132 97 1.5268935687522804 3 2556 1 2482 2 2478
250 -4.8796538480625822 2.5646019790973491 21.603449626637371 223 202 149 1.5561935086340413 3 2553 1 2519 2 2475
249 -5.0725876387417754 1.7588126561959132 22.485803741846848 60 50 35 0.98619558997128276 3 2551 1 2558 2 2473
248 4.7980485157294037 -2.9406356710233075 21.948475750507804 206 174 144 1.2056673647354985 3 2545 1 2512
247 -1.071883563179775 9.762274823709955 23.585870363689828 232 179 127 1.0657526986757941 3 2540 1 2407 2 2458
246 -1.071883563179775 9.762274823709955 23.585870363689828 232 179 127 1.0657526986757941 3 2539 1 2406 2 2457
245 4.8331711945289841 9.7249881811724421 23.987359465652005 225 174 126 1.3952545227225202 3 2536 1 2404 2 2456
244 3.6878461702370235 7.8792303238254418 23.405373062814398 54 43 39 1.5920210168523414 3 2532 1 2275 2 2453
243 3.6878461702370235 7.8792303238254418 23.405373062814398 54 43 39 1.5920210168523414 3 2531 1 2274 2 2452
242 -2.8721798133756651 6.0603020847436735 22.334813156375521 216 165 118 0.2378646290854641 3 2528 1 2268 2 2397
241 7.6222383630847474 6.0177472653502821 23.224930107131893 194 162 121 1.2959246065062591 3 2526 1 2527 2 2445
240 2.3338425072114326 5.6130549935263581 22.828287695014804 202 160 112 0.94287299268829783 3 2524 1 2483 2 2444
239 -2.7802891734102864 8.3055382658175727 23.239838761263382 209 161 101 0.81592527423561423 3 2487 1 2278
238 9.0602333472425194 5.5289158383218275 22.109026028498171 185 159 124 1.5995079017474254 3 2480 2 2394
262 -8.539698392743464 -0.82699577499368659 22.986535229393638 234 206 182 0.24710475254521108 3 364 2 246
5 7.6522661129341021 -3.3755141311101231 22.303358161167392 130 115 86 0.99706284798380151 3 175 1 54 2 47
261 -1.3334888275006103 -0.73793094713749441 22.075105258715212 214 212 204 0.60285348741598188 3 1148 2 239
4 7.797931362926696 -3.4212750133885033 22.332203045819305 175 166 151 0.97095364176787025 3 168 1 51 2 42
260 -0.60267233221364813 -1.2457454649009598 22.194509949384841 237 231 212 0.61173759085702772 3 332 2 214
3 7.8100386433271929 -3.6038200955707578 22.291958100201512 185 172 154 1.0445431166298587 3 150 1 41 2 24
259 9.644343485873204 -3.2141418185256008 22.472711967799551 168 144 108 1.4137140168801479 1 59 3 194 2 61
2 6.1480581871276829 -3.9629166637358222 22.006297437250311 233 196 154 1.3962085426896185 3 121 1 14
1 3.7169925059639786 -3.9492312558271396 21.899652114814597 231 188 143 1.6019302453934614 3 120 1 20
14 8.6261369795575895 -1.6700004263297967 22.422315918136498 171 128 90 1.3407122932606987 3 298 1 170
271 -1.187009379968504 -0.48089249705620263 21.964532897909123 142 75 46 0.64806642915038859 3 1157 2 1048
15 8.7680207273974329 -1.2359562907731076 22.475928582962418 226 191 151 0.7450193209747864 3 330 1 195 2 216
272 -0.98580296571596826 -0.24078005051092524 22.08220288673013 54 51 31 0.48162407586555167 3 1167 2 1057
17 9.3716008175573009 -0.80369254188552064 22.544839552971712 218 183 143 0.51618003572647486 3 356 1 223 2 236
274 3.6117865261486743 0.12961585893936692 22.188324160641809 206 175 131 0.56381012169106615 1 285 3 1187 2 1073
18 3.0566845847116983 -0.83777546043200457 23.388554416465855 112 93 78 1.519340193943312 3 362 1 220 2 242
275 -0.17199355832915042 0.38567889410317213 24.200909539337893 68 55 49 2.5316288338997603 3 1218 2 1108
20 0.39025087433423333 0.46823565532942057 24.327621900334226 218 181 131 0.64252531693963566 3 451 1 283
277 -9.5469353110635158 4.3505831948074398 22.563520352347094 226 170 119 0.32334869309426756 3 677 2 1253
21 7.0916424035891286 1.056066549029562 22.539254320276736 158 143 101 0.16398494926676482 3 481 1 327
278 -5.0227889100762084 4.3678353111677684 21.605601034965296 252 197 144 1.9432111588600041 1 541 3 1366 2 1258
279 1.3705414580525239 4.8819534282377983 22.66783989338499 216 174 124 0.69042191555535604 1 535 3 1374 2 1271
22 6.7540628122245261 1.7787720441586587 22.498460587956703 186 160 124 1.0147851158353147 3 515 1 1172 2 410
23 7.907142459955633 1.8588584740109257 22.715012049238172 213 184 142 0.49294401262293852 3 523 1 375 2 415
280 1.7499496101889824 5.278761805597882 22.772715765568403 224 176 129 0.93579937136648306 1 554 3 1395 2 1288
24 4.4883772992330613 2.4772171457049992 22.592663087623801 227 196 152 0.24027303110898771 3 554 1 409 2 448
281 10.081884746089372 6.6147070314546106 23.503154347756197 178 138 102 1.8706154852782373 1 574 3 1422 2 1314
26 3.0629397102162597 5.5112970021785923 22.891909720804463 124 87 60 0.81492345443229597 3 738 1 561 2 1295
283 9.6605171321146788 -2.806992638312328 22.50270722756731 172 149 114 1.5479303845396284 1 972 3 1050 2 1523
284 3.1106811298786456 -2.7626131047568059 23.907972433866099 112 96 78 0.15371908853464772 3 1610 2 1538
27 7.7805209602001622 -3.8939707061114599 22.166897012656495 206 188 165 0.20182822366456099 3 988 1 16
285 5.4227139408051679 -0.25401410606956087 21.431329924974555 239 229 216 0.75894425291738088 3 1161 2 1585
28 4.236269803245027 -3.7942375150015897 21.899767998601622 113 96 78 1.7566598497643717 3 992 1 933
282 -0.18890923830989326 -3.6583229676328997 22.868539178115526 104 88 72 0.73751551009965677 3 1576 2 1493
286 5.4227139408051679 -0.25401410606956087 21.431329924974555 239 229 216 0.75894425291738088 3 1162 2 1586
29 7.5334404926061413 -3.8042083873867929 22.202659919537187 205 171 133 0.42191644562384878 3 996 1 24
64 5.1360575755290476 1.7342118912464211 22.538553906472504 226 199 151 0.27345240932938969 3 1263 1 1173 2 1162
65 7.28669990855688 2.1450897145470238 22.783123632166948 210 182 132 0.63992847777916062 3 1280 1 387 2 1179
66 -0.34900600154819761 2.7345935214501131 24.492978718122473 211 195 156 1.8643309151046932 3 1297 1 399 2 1193
67 -0.34900600154819761 2.7345935214501131 24.492978718122473 211 195 156 1.8643309151046932 3 1298 1 400 2 1194
68 -0.32717656272651763 3.572172858949815 24.508744229575068 210 200 161 1.7808210167997254 3 1322 1 436 2 1221
69 -0.15282807494838047 4.1920548758405687 24.6027314697455 223 224 217 1.9773524028370364 3 1352 1 462 2 1243
70 -5.5240595607254654 4.3970478136787321 21.416120571696187 98 71 46 2.2431203581764265 3 1367 1 545 2 1259
71 -3.4361278319209756 4.5203975623337032 21.905184308179308 224 181 128 0.86441901614633576 3 1369 1 1290 2 1262
72 -2.4430985743676303 4.8334986008074718 22.086594237134783 79 59 42 0.34920320025790486 3 1379 1 548 2 1274
73 4.7402679530772005 5.0776781164600999 23.055699109311028 191 158 117 0.65804920212239548 3 1381 1 530 2 1275
74 -1.6099490615712915 4.9398206602663226 22.257775608947668 233 182 131 0.28527986960240465 3 1382 1 551 2 1277
75 6.0324480486776961 5.1882206999014793 23.173560063410388 107 89 59 1.0603398400348172 3 1383 1 533 2 1278
76 -5.419135339891251 4.8940922669899356 21.505405561406533 64 48 42 1.8385902707907673 3 1384 1 566 2 1279
77 2.5428854712160116 5.2948586028938101 22.856954241763496 213 169 124 0.75923960621353059 3 1396 1 549 2 1289
78 1.9626970137611037 5.4927348767501396 22.811720624978999 229 186 140 0.69621742502666228 3 1401 1 562 2 1293
79 1.9826091979879057 5.7334617748333443 22.824323563538009 93 71 52 0.7984561350818854 3 1407 1 569 2 1299
80 -10.432839394964663 5.6369457770293439 22.879356747271302 232 183 127 0.21432280594231662 3 1408 2 1301
81 -5.0929906343982356 6.3915273379582018 22.52351735077406 249 194 138 0.37515934376275073 3 1424 1 595 2 1320
82 -5.0929906343982356 6.3915273379582018 22.52351735077406 249 194 138 0.37515934376275073 3 1425 1 596 2 1321
83 1.6881114508324866 6.5184706664901357 22.837544203109054 201 161 117 0.72815396390574494 3 1426 1 588 2 1319
84 -6.578080229240526 6.3625073142446622 22.288976927372655 198 155 112 0.38837657613466076 3 1427 1 599 2 1322
85 -6.578080229240526 6.3625073142446622 22.288976927372655 198 155 112 0.38837657613466076 3 1428 1 600 2 1323
86 -7.5671329039065984 6.4774739267953843 22.097231287780751 243 190 137 0.53401858146449832 3 1433 1 606 2 1326
87 -8.297301372900284 6.4763144598013191 21.94821984709149 254 212 138 1.1443000680974287 3 1434 1 608 2 1329
88 -8.2607810345248254 6.4340953429416352 21.853789325804076 254 212 138 0.96244016315012715 3 1435 1 609
89 7.4877909225312305 7.033560469477143 23.366987323897185 176 140 104 1.3364275072953344 3 1440 1 589 2 1332
90 9.1361643713728835 7.5594580005081786 23.718285669437705 187 145 102 0.94339811875817325 3 1445 1 597
91 -3.2160479160134479 7.3173950783310033 23.062091753181825 226 173 118 0.75855737346434771 3 1446 1 619 2 1342
291 2.2464962314486834 7.0529621033529972 23.0809713154406 171 135 98 1.9032682533580207 1 604 3 2142 2 1802
34 6.8903906021149153 -2.8846762932130954 22.259982900044587 191 164 130 0.89390894562191703 3 1040 1 971 2 946
114 0.58790160193397889 0.48639409130010935 24.227803472988391 101 81 66 2.0670980839250439 3 1702 1 1627 2 1621
292 7.6281807914076856 8.3872993525207704 23.482677620899583 173 134 92 1.3964172766818566 1 1793 3 1460 2 1819
35 3.290302410020979 -2.8201825884106766 21.841601423668461 129 110 94 1.5736442968908513 3 1042 1 976
115 0.58790160193397889 0.48639409130010935 24.227803472988391 101 81 66 2.0670980839250439 3 1703 1 1628 2 1622
293 -4.4058416539490173 10.018170646088141 23.232993411455386 235 186 139 1.2896489410476772 1 699 3 1915 2 1835
36 7.5654163718250853 -2.8670759924525631 22.296428311749803 187 169 140 0.89097464034741414 3 1044 1 87 2 947
294 2.8894284763338463 -2.9549116303634815 23.905191579432682 222 187 142 0.65060456660823496 3 1963 2 1897
37 7.9505865306616492 -2.8673080440757279 22.352639586363139 200 172 135 1.0951381081758906 3 1046 1 88 2 948
117 -0.1287183900614427 1.2544979455219223 24.341720426803821 110 95 73 2.5021896092840117 3 1723 1 334 2 1640
295 -0.22256837210053948 -1.2862166828282275 22.220242810875995 239 223 197 0.6876333903430385 3 1993 2 1919
118 -0.26985548014141247 1.3955787857992603 24.379683985057106 240 232 216 2.1395440382664557 3 1732 1 1143 2 1644
296 0.64469719374898182 -0.25649658037409517 23.702410642370264 203 170 129 1.9003788883015578 1 1607 3 1676 2 1940
39 3.6941329806284315 -2.4424162484535792 22.050183733456787 223 191 150 1.7282076234791479 3 1063 1 997 2 965
119 1.3659375458972753 2.0616680738368935 22.161885567039796 179 151 106 0.6992278971827276 3 1752 1 1189 2 1667
297 10.312230438271397 6.6028421993933497 23.543697132217314 131 102 81 2.3175947893066984 1 1774 3 2134 2 2059
40 8.841406892067539 -2.3000051265618633 22.496918077388663 214 184 146 1.2909653939202148 3 1075 1 126 2 974
120 7.5216187767167879 2.6169766729732671 22.791023637564876 224 195 148 0.90430156038067577 3 1772 1 1194 2 1690
298 8.1941977194782609 -1.7900985199393507 23.324187456818539 179 138 103 0.25245823186653382 3 2337 2 2259
41 9.8405760790447729 -2.1575703436024285 22.501685693981237 213 184 144 0.85406153769574022 3 1082 1 1002 2 978
121 8.9445059633116593 2.9907056060581354 23.000104927920699 212 183 141 0.64457066901482996 3 1782 1 1207 2 1701
299 8.1941977194782609 -1.7900985199393507 23.324187456818539 179 138 103 0.25245823186653382 3 2338 2 2260
42 6.9069625766735925 -2.109574077316005 22.364789244695892 206 173 132 0.94373715342450171 3 1086 1 140 2 151
122 -0.50188859300567701 2.9867630319530534 24.510188399410225 210 199 163 1.8138343791799123 3 1785 1 1201 2 1704
126 8.2860869416199492 3.701430128787603 23.033197343320694 232 203 161 0.4629150111833199 3 1808 1 1234
303 0.96516947761083671 8.4850425146568949 23.490287552563547 221 169 121 1.0375658879047085 1 2277 3 2407 2 2328
300 -0.19749482861939105 -0.61570437811836043 21.943487133454763 212 174 142 0.77930520342679754 3 2347 2 2266
123 4.4148059858372068 3.2213240670270218 22.752558764352511 232 201 154 0.52677332620173389 3 1795 1 1223 2 1713
127 0.5478430750399067 4.084907524302908 24.463485062968065 197 195 188 2.3322440348496283 3 1815 1 1236 2 1738
304 -0.66781826182594239 0.13666829331914723 21.909454821601805 224 210 169 0.55590214569660412 3 2450 2 2359
47 8.0384666424470943 -0.98375042640767152 22.443786147075492 223 190 152 0.75373346363991223 3 1141 1 210 2 1035
301 2.7219982610480735 1.6779720325879248 22.660550388964147 218 189 145 0.36186319085549074 1 2014 3 2369 2 2285
44 6.9508041671030876 -1.9522496199301982 22.29335635615848 233 200 159 0.81130017059653348 3 1095 1 1019 2 988
124 4.4148059858372068 3.2213240670270218 22.752558764352511 232 201 154 0.52677332620173389 3 1796 1 1224 2 1714
302 9.375703926964249 4.4046022119895181 23.283203860867218 214 187 144 2.0857212168646337 1 2248 3 2269 2 2311
45 8.8746454802997849 -1.5193446198363683 22.482360899664975 206 156 106 1.050054256832798 3 1115 1 1039 2 1009
125 7.8875255779249498 3.6724882011918734 22.985644734239429 227 193 153 1.0636467055529681 3 1807 1 452 2 1727
63 4.7757195127927607 1.6578019625476026 22.489186625377464 223 199 151 0.22112394849430594 3 1260 1 372 2 1159
317 -8.6586804338029992 -2.6835102187714535 24.841980323894138 69 55 45 1.0022205693502351 3 1089 2 983
60 4.2707035497252646 0.96046772791011947 22.359856163571568 222 194 147 0.22714532467661197 3 1234 1 1138 2 1128
62 0.23269394884869221 1.2270316919045785 24.278954737616331 91 79 66 2.0202710177887337 3 1245 1 326 2 1144
316 -2.7423280415785696 -3.8014596309686355 24.816111421274858 208 165 126 0.47905344915806514 3 1024 2 934
61 4.9882334562318054 1.2787171326281899 22.434375911698428 171 154 110 0.13429500590686491 3 1241 1 1147
315 1.4921877386455429 -3.4286678901749501 24.245995370799097 202 163 120 0.019437751002416046 3 215 2 85
58 7.0712687306888364 0.46699402225299014 22.492327472280049 183 160 114 0.65546677182210478 3 1209 1 292 2 1100
314 -4.2416712941465615 -4.0618554859916243 25.088278531265122 197 169 143 0.56573229303407668 3 189 2 55
57 4.4864285484116078 0.22851771134208318 22.253609337744361 233 200 160 0.43327743284113351 3 1196 1 1117 2 1080
313 -4.1205918942941597 -4.1618250164716208 24.953613016214351 151 119 97 0.57364085320797242 3 176 2 48
56 4.2942710230730627 0.13275505909396035 22.281213254563173 231 198 155 0.67757676063182348 3 1188 1 279 2 1074
312 -6.6573512847193932 5.8945647944288311 21.879288645971329 243 190 136 2.4476672880730033 1 2578 3 2595 2 2510
55 4.5583369423470357 0.079443910827995456 22.274862895958464 157 142 87 0.61146514374668248 3 1179 1 275 2 1066
311 -4.7248613585955956 5.7702584417009835 21.955806273700045 228 170 120 0.96014645739769333 1 2563 3 2584 2 2504
310 5.6367126578406417 0.18231477938415425 21.264002781587571 235 220 199 0.589346675941256 3 2571 2 2493
309 5.6367126578406417 0.18231477938415425 21.264002781587571 235 220 199 0.589346675941256 3 2570 2 2492
308 3.6564207978837073 7.060747921502923 21.89872818653367 194 150 102 0.40684206511366749 3 2529 2 2450
307 -7.1309050992391541 6.269897438661884 22.192811423931055 244 191 139 0.67420835769795995 1 2270 3 2485 2 2399
306 -0.84825168210702484 0.40433264287591675 24.315764399515334 95 86 73 2.6413674800991358 3 2452 2 2361
305 -0.66781826182594239 0.13666829331914723 21.909454821601805 224 210 169 0.55590214569660412 3 2451 2 2360
48 3.4607821595911261 -0.69728077793212784 21.945552849995082 189 166 115 0.99654791804205711 3 1147 2 237
113 4.3492261185503001 0.56699767191956463 22.307299166354426 232 202 162 0.3770428113096671 3 1701 1 1125 2 1618
111 8.969943674493905 -0.36446155388066837 22.584093612135749 216 187 143 0.48128572076359083 3 1669 1 1083 2 1591
110 1.5701301729305901 -1.2685046788695966 23.525393786120087 193 152 124 2.1835068538557523 3 1650 1 1058 2 1570
109 9.7588319115161326 -1.1450267297243515 22.543182376769103 214 182 138 0.78260032311847916 3 1647 1 1059 2 1568
108 8.2619586084060153 -1.7327605653801805 22.416951020011822 167 134 98 1.0580009616156767 3 1631 1 1033
107 8.6249719307437456 -1.8980997790936551 22.427890974383779 225 190 147 0.89540294545121635 3 1625 1 1571 2 1552
106 7.5399381510328247 -1.9520644822387514 22.34598360878579 229 199 157 1.0108598362983847 3 1624 1 1020 2 1551
105 3.6072167204972447 -2.223834013930551 22.009390221722274 176 141 109 1.8204971810666573 3 1617 1 1565 2 1541
104 7.5888672041018399 -2.3103705762467643 22.35888375578136 222 190 150 0.99369927786785439 3 1611 1 999 2 970
103 3.6172308714007237 -2.621945285406647 21.970415513890639 160 133 110 2.0873883906497359 3 1600 1 987 2 1532
102 4.3372945089837769 -2.7122847107242043 22.024461855447168 166 125 97 1.8964868095077023 3 1599 1 1545 2 1525
101 5.1762531714994635 -2.7734189769361293 22.096436489902906 211 200 154 0.99122381546094329 3 1596 1 1544 2 1520
98 5.0193617574082348 9.4037079682950537 23.88000542845657 93 68 44 1.2836914870410523 3 1490 1 654 2 1387
97 -6.3511648484986969 8.3454809505325258 22.596059494233113 255 193 136 0.97226420053175711 3 1472 1 655 2 1367
96 -4.9154199342610339 8.3558189213994645 22.809112713536873 238 183 130 1.0407143943326653 3 1470 1 652 2 1363
95 -0.62312237613756538 8.4378627436686742 23.543511968764523 49 29 22 0.47160500991245458 3 1463 1 1355
94 -7.8144259710653721 7.9230344835666875 22.147121141415013 240 190 143 0.75266460809674784 3 1461 1 651 2 1357
93 -4.117626025179443 7.5890088837701111 22.908368423114052 245 195 140 0.79490876081995709 3 1455 1 628 2 1350
92 6.1260175423501648 7.6791533161502477 23.32337346496255 214 162 114 1.3064320820406969 3 1454 1 613 2 1347
6 3.5702006295716244 -3.2860422843143566 22.017751022436471 202 171 145 2.2532479227525966 3 180 1 68 2 51
263 -3.5292402739045388 4.2678881426160462 21.932397640268245 228 178 130 0.9318877554289644 1 521 3 673 2 568
10 8.5472456059757853 -2.3558467732872566 22.422361268343256 166 134 103 1.1126938685602961 3 256 1 121 2 127
11 7.3162635392473971 -2.3372494001053412 22.324000638147574 232 200 162 0.88733482489251247 3 259 1 125 2 131
268 6.5817194105501402 -1.9952217345000751 22.254101149050904 228 194 152 0.80714327936625885 1 1016 3 1091 2 987
12 7.9202930466192933 -2.3055597334937925 22.347392109147258 225 192 149 0.85040769287479456 3 266 1 129 2 138
269 -0.965737093857853 -1.0895660503964888 22.213116132298598 92 77 73 0.59626772234956071 3 1139 2 1030
13 9.1196490096431528 -1.8368623612272064 22.509242954885419 205 175 133 1.0671703725845809 3 290 1 155 2 172
270 9.9860110144340251 -0.56734906913895233 22.621487115521838 199 174 130 0.81431127821519345 1 1075 3 1153 2 1046
30 7.3190969391998681 -3.7349282393097232 22.08733477501827 157 130 103 1.1380131772407545 3 997 1 1522
287 5.858277140716365 -0.11803340878094348 21.492081103795655 207 199 180 0.72511059772734587 3 1672 2 1592
32 6.9582429710750491 -3.0375837064684901 22.294042477464284 169 130 92 0.98396742453346986 3 1028 1 79 2 935
289 -9.8101119507665526 4.6365284105654458 22.908306527785562 223 174 122 0.093628485387778654 3 1833 2 1751
33 7.2353980610400734 -3.0241929511771004 22.278455781028981 155 120 87 0.93770685240051144 3 1030 1 960 2 937
290 -10.589002806341835 5.5314571203927825 22.898187857038025 180 135 87 0.27147239448648963 3 1851 2 1769
128 7.9470042743124871 4.2843323631961505 23.180804912013759 226 197 155 0.77459524153370407 3 1818 1 1251
129 -4.0723804358483076 4.2005581479974339 21.797983126817609 239 186 133 1.4293915191257147 3 1823 1 1283 2 1741
130 9.8136796132713684 4.5985789405111381 23.254244709549432 211 180 136 2.2257864726148546 3 1828 1 1261 2 1746
132 -3.2532463558152642 4.5720695643156448 21.967539818705006 58 35 29 0.74649894268006278 3 1834 1 1291 2 1263
133 2.9798921422390063 5.0988633050686447 22.895290038176398 199 161 116 0.83463554524118155 3 1843 1 1753 2 1760
134 4.5592078162406526 5.4068845025225718 23.045236678460906 214 168 129 0.68992744550527962 3 1847 1 1299 2 1764
135 2.8648432619530402 5.547144570034785 22.891903688500189 226 177 130 0.69460448486765991 3 1849 1 1307 2 1766
136 -10.58900280634184 5.5314571203927843 22.898187857038039 185 131 91 0.27147239448648963 3 1850 2 1768
137 -2.1661244753963369 5.4883003103112387 22.155883136381799 76 57 46 0.58230954267920065 3 1852 1 1313
138 -4.0439162489838401 5.453056335430591 21.853105173526735 74 53 37 0.67629081914189759 3 1855 1 1316 2 1771
139 9.2778735505830134 5.8860813707757851 23.404366286123835 127 112 92 2.0009008474334267 3 1857 1 555 2 1773
140 -1.7062692961632506 5.6416743740499964 22.227825426746531 77 57 42 0.49388679340880176 3 1858 1 575 2 1774
141 -2.806802268030308 5.8074758605613326 22.100556253504838 229 178 133 0.26557498789951223 3 1862 1 1321 2 1779
142 8.1136154596331824 6.2092251108831098 23.427687285096265 211 175 131 1.4542349003045638 3 1867 1 568 2 1305
143 -7.910235349423214 6.0011467022640854 22.034829077856113 244 193 139 0.94258958298945872 3 1868 1 1333 2 1784
144 -9.7248776045493379 6.2640525237906903 22.771675170028509 240 187 137 0.42903707928126711 3 1869 2 1789
145 0.15286842709533432 7.3116619714826525 24.092726264769308 243 234 205 1.5691516353674722 3 1883 1 1334 2 1803
146 -6.991160943536558 6.9665476905287038 22.258422014793105 226 170 119 0.45358056107655714 3 1884 1 625 2 1804
147 5.4505605069387055 7.6805303305384962 23.355101209620035 150 116 85 1.333091023425371 3 1885 1 1340 2 1806
148 5.4505605069387055 7.6805303305384962 23.355101209620035 150 116 85 1.333091023425371 3 1886 1 1341 2 1807
149 -6.7158443228047142 7.3690934501604799 22.342548841378751 242 191 137 0.62883438999165875 3 1888 1 1353 2 1809
150 -8.7437667429464909 7.4212015163084075 21.778279492127396 245 194 141 1.2268927304970978 3 1889 1 1357 2 1812
151 4.5489970902119214 8.3382470331986429 23.517806325403249 75 57 44 1.091503019167295 3 1897 1 633 2 1818
152 0.46179402948171799 8.6890703363413504 23.652721710278808 221 181 129 0.80968765288374611 3 1899 1 1356 2 1822
153 -4.651825066467417 8.5281505452674331 22.804869834981822 220 167 113 1.1086583123752956 3 1902 1 1369
154 3.4507861830164366 8.9193228247650573 23.682608759431506 243 187 133 0.84977295162538546 3 1903 1 1359 2 1823
155 -6.2681355581125917 8.5981172865369135 22.574880957970397 180 138 106 0.97780174301760991 3 1906 1 1376 2 1827
156 5.5002940746473392 9.8096486114529604 24.003860797503634 78 64 37 1.7684770983543705 3 1911 1 1373 2 1833
157 -1.9111811624384889 9.6562115675380138 23.607098623843385 244 198 149 1.2795429779810668 3 1912 1 1380 2 1406
159 8.2970199596046275 -3.1432222556133258 22.378291760406572 136 119 99 1.2605388223549079 3 1948 1 1936 2 1885
160 8.5160767360929661 -2.8875018742879779 22.403927601743312 183 157 125 1.2405516821387954 3 1956 1 1535 2 1889
162 4.8526507189287731 -2.4025820880310436 22.091970760122592 219 190 150 1.7107117003933749 3 1967 1 1958 2 1899
163 2.580938392688608 -2.0914134972921588 21.930016558188964 186 152 124 2.1247586800996632 3 1976 1 1570 2 1903
164 8.9921468634998352 -1.7143624499765286 22.474799632571486 156 128 93 1.0076908726693352 3 1983 1 1577 2 1909
166 3.4990720030799585 -1.4084461920916365 23.133385896218627 93 69 58 1.4059573664758522 3 1995 1 1587 2 1920
167 8.1364503864833839 -0.72183453313487156 22.47805062870022 194 168 119 0.35302284389399263 3 2003 1 1598 2 1929
168 0.59831761988674548 -0.61112127595857646 22.040379924350844 217 176 143 0.44942259262276396 3 2006 2 1930
169 9.6327634578691566 0.66644688560614529 22.730443915692838 163 141 96 0.49779863650547007 3 2025 1 1631 2 1953
170 3.6988063459661689 0.70988953628598161 22.296280071740309 227 196 152 0.35720177025776545 3 2027 1 1635 2 1955
171 3.1517495033210552 1.1287096359579567 22.312181285553127 179 150 107 0.35908450260575187 3 2035 1 1644 2 1963
172 4.1208285861012959 1.1808730424413416 22.288971267164904 152 133 86 0.8145492929038598 3 2036 1 2000 2 2158
173 0.041931818746675842 1.0683977471041093 24.275856636936933 197 199 194 2.3617745398019974 3 2038 1 1637 2 1966
174 -0.022977305566673212 2.2010534530302945 24.411017234758955 217 191 151 1.733442457698809 3 2063 1 1666 2 1985
175 -0.019431771554326072 2.6866922535500697 24.44931041820934 208 189 149 1.5516122322050665 3 2073 1 1190 2 1994
176 4.7847674970950695 3.2603039346713798 22.766865458628629 215 182 138 0.52808239286365755 3 2078 1 1225 2 1719 2 2002
177 4.7859071598824077 3.263990963393264 22.77875101248172 215 182 138 0.58854935239002126 3 2079 1 1226 2 1720
178 -0.40949730418783081 3.8707704069841147 24.667433902244223 212 187 155 1.8176096781909117 3 2090 1 1699 2 2009
179 8.7951828079387795 4.7684829290808759 23.309282308128761 215 182 142 1.1371053890537766 3 2105 1 1732
180 -4.1922793533633262 4.6724105625768351 21.790411595614078 235 193 144 1.1844665026396084 3 2111 1 1763 2 2034
181 0.085192002160513813 5.0329391132823194 24.365593278053414 131 115 102 2.2547080729132238 3 2113 1 1735 2 2035
182 2.476147784488961 5.0650673071415859 22.738077578503741 86 62 48 0.43285366359919331 3 2114 1 1293 2 2039
183 5.8080399857180449 5.1953622585457921 23.269771912153821 163 134 87 0.70642857952494498 3 2115 1 1743
184 5.8080399857180449 5.1953622585457921 23.269771912153821 163 134 87 0.70642857952494498 3 2116 1 1744
185 1.415828072177467 6.2039937435780912 22.767719332881509 212 163 119 0.95173758174878798 3 2131 1 1780 2 2053
186 1.704581103647163 6.2251457243603756 22.836404157546571 48 35 27 1.0584239380647693 3 2132 1 1318 2 2054
187 -2.3505559346435563 6.2566693076833246 22.582871693789542 206 155 112 0.28524318160796852 3 2133 1 1327 2 2058
188 1.6862958264509422 6.9745972753053449 23.02663199063112 197 165 132 1.0243144613950625 3 2141 1 1785 2 2065
189 8.1409010878594472 7.5036654934481621 23.555208306588536 178 144 106 1.4343129116593047 3 2145 1 1786 2 2068
190 8.1409010878594472 7.5036654934481621 23.555208306588536 178 144 106 1.4343129116593047 3 2146 1 1787 2 2069
191 7.6223176531465748 7.573753811752618 23.579410201182796 169 136 103 0.12951732647380676 3 2147 1 1788
192 -7.2352012890891402 7.308422215609033 22.158899934640161 232 179 127 0.54707873445622812 3 2149 1 1795 2 2070
193 2.8745415861941948 8.8510112255117903 23.85331413571344 246 211 151 0.56847183035218496 3 2153 1 1802
194 3.5636250841251864 -3.6266790420160797 21.912195372996109 116 83 59 1.5572657906682656 3 2191 1 2158
196 3.9955766983867607 -2.6918731827248625 22.029744566044553 170 137 104 2.0395431639989972 3 2197 1 2171 2 2105
197 9.1989134316845877 -1.3136980549541442 22.538711246882272 187 144 98 1.3407015591475833 3 2211 1 2183 2 2125
198 0.2528224310164584 -0.50177615276331355 22.0910167117407 247 223 198 0.71889297143514663 3 2220 2 2133
199 3.8726846261707966 0.34981212231295228 22.258868904599961 192 166 126 0.47167733954547647 3 2231 1 1994 2 2145
200 3.8726846261707966 0.34981212231295228 22.258868904599961 192 166 126 0.47167733954547647 3 2232 1 1995 2 2146
201 7.678507218122669 2.7187778831705032 22.846882709172156 214 187 143 0.73995677179546815 3 2250 1 2030 2 2171
202 5.4006901055501846 2.8168845830575555 22.792124796572583 221 195 149 0.47033024810492069 3 2253 1 2240 2 2174
203 5.3580447930347574 3.9256649607930183 22.937875301062526 138 116 74 1.0800881301736744 3 2265 1 2051 2 2185
204 -5.3302100010541986 4.5902921370046208 21.489152878944289 232 184 136 2.1870524668100759 3 2274 1 2071 2 2194
205 5.2599937977092495 4.9807993457147157 23.14189760689926 215 183 136 1.3074366858946527 3 2275 1 2066
206 8.7300288008619429 5.6541140602557771 23.353718716230066 200 176 130 1.9359934437177377 3 2281 1 2069 2 2324
207 -6.162506923155866 6.1126406631634085 22.30431082494562 243 191 136 0.39705426956496309 3 2285 1 1783 2 2203
208 2.8411042384549567 6.4079759945766881 22.961262483162024 200 150 109 0.68882205168377197 3 2286 1 2076 2 2204
209 5.1147016506588781 7.0011611169470802 23.224185632132365 197 158 118 0.97559450734089259 3 2288 1 2080 2 2207
210 0.1288771052677733 7.6150915420862715 23.893364107005443 248 231 198 1.1087476980561557 3 2290 1 2084
211 -1.2015022494448067 7.7436164595849286 23.245572414450272 224 171 116 0.7352822319729494 3 2291 1 2086 2 2210
212 6.2578123988886309 9.4413844528485171 23.941672510176421 224 176 124 1.408759656925221 3 2297 1 2090 2 2215
213 -5.1851029466838945 9.3780952774619415 23.079165317295598 231 181 132 1.4182921886036179 3 2298 1 1812 2 2216
214 9.195848859934058 -2.817105093231425 22.375947949457032 159 137 106 1.0817727674816837 3 2324 1 2323 2 2245
215 8.8771133315118043 -2.5564315107631561 22.406050803544321 157 123 85 1.1475471441490945 3 2327 1 2326 2 2250
216 4.3062719759038917 -2.3908861619871287 22.023507016482036 221 191 150 2.1624246864506262 3 2329 1 2176 2 2254
220 5.1039642791608868 0.57470140261161817 22.339787152994418 233 204 160 0.73844233954956273 3 2352 1 2214 2 2149
221 3.899698048090332 1.8934864660532646 22.466857097639327 210 180 134 0.24046070118022675 3 2372 1 2233 2 2289
222 2.0749684325265405 2.0625359168618647 22.38721313291877 207 175 126 0.10716129922481599 3 2374 1 2235 2 2292
223 2.0749684325265405 2.0625359168618647 22.38721313291877 207 175 126 0.10716129922481599 3 2375 1 2236 2 2293
224 8.1369502469276132 4.6040718950537931 23.216901086248289 221 195 154 1.4252986594636183 3 2394 1 2250 2 2312
225 -3.5518511871362204 4.493880342948021 21.888786714133133 218 171 120 0.99834506704658255 3 2397 1 2257 2 2315
226 -3.3186064138626881 5.0868015480537982 21.912235270111527 223 175 127 0.90289626793284172 3 2402 1 2261 2 2321
227 -6.4072722039567891 5.9675164153164832 22.309664251298308 242 188 140 0.48620234898705028 3 2405 1 2077
228 1.947839124363949 8.5369075099000487 23.586813252867902 235 180 126 0.93386213502930049 3 2409 1 2089 2 2329
229 0.54176058831162888 9.0458532812237742 23.623655986791572 239 203 151 0.41250141387533001 3 2413 1 2280
230 7.4837451798995875 -1.1037189095722932 22.43740853083812 219 187 148 0.7829881605098773 3 2444 1 2453 2 2425
231 -0.059889890608168073 -0.41993446731224582 24.172338111645836 89 71 57 2.899809059458645 3 2449 1 2196 2 2357
235 0.35565075251012668 0.74880399406704268 24.208513428900705 101 82 67 2.3439779566787537 3 2456 1 2351 2 2367
236 -0.37025937571995626 0.86257804991753129 24.299507617470155 114 96 82 2.6386795390844666 3 2457 1 2355 2 2368
237 -3.9709436838445145 3.8965157919669267 22.380143329547714 214 164 112 0.26924597870267097 3 2474 2 2384
